Temperature	PWM	Time	Set Temperature	T1	T2	T3	T4	T5

Mode	time	PWM	Heat/Cool	K_p	K_I	Set Temp	Reset Int	Sin amplitude	Sin period
P/I	0.7	0	1		0.0	0.0	20.0		1		0.0		60.0

Mode	time	PWM	Heat/Cool	K_p	K_I	Set Temp	Reset Int	Sin amplitude	Sin period
P/I	12.8	0	1		10.0	0.0	20.0		1		0.0		60.0

Mode	time	PWM	Heat/Cool	K_p	K_I	Set Temp	Reset Int	Sin amplitude	Sin period
P/I	22.4	0	1		10.0	0.1	20.0		1		0.0		60.0

Mode	time	PWM	Heat/Cool	K_p	K_I	Set Temp	Reset Int	Sin amplitude	Sin period
P/I	27.6	4	1		10.0	0.1	40.0		1		0.0		60.0

Mode	time	PWM	Heat/Cool	K_p	K_I	Set Temp	Reset Int	Sin amplitude	Sin period
P/I	144.5	76	1		10.0	0.1	40.0		0		0.0		60.0

Mode	time	PWM	Heat/Cool	K_p	K_I	Set Temp	Reset Int	Sin amplitude	Sin period
P/I	379.7	62	1		20.0	0.1	40.0		1		0.0		60.0

Mode	time	PWM	Heat/Cool	K_p	K_I	Set Temp	Reset Int	Sin amplitude	Sin period
P/I	520.2	60	1		20.0	0.2	40.0		1		0.0		60.0

Mode	time	PWM	Heat/Cool	K_p	K_I	Set Temp	Reset Int	Sin amplitude	Sin period
P/I	529.8	85	1		20.0	0.2	40.0		0		0.0		60.0

Mode	time	PWM	Heat/Cool	K_p	K_I	Set Temp	Reset Int	Sin amplitude	Sin period
P/I	537.2	8	-1		20.0	0.2	40.0		0		0.0		60.0

Mode	time	PWM	Heat/Cool	K_p	K_I	Set Temp	Reset Int	Sin amplitude	Sin period
P/I	563.8	53	1		20.0	1.0	40.0		1		0.0		60.0

Mode	time	PWM	Heat/Cool	K_p	K_I	Set Temp	Reset Int	Sin amplitude	Sin period
P/I	569.1	94	1		20.0	1.0	40.0		0		0.0		60.0

Mode	time	PWM	Heat/Cool	K_p	K_I	Set Temp	Reset Int	Sin amplitude	Sin period
P/I	705.4	62	1		10.0	1.0	40.0		1		0.0		60.0

	23.17	-44.37	22.95	23.93
19.67	206	28.7	40	23.29	23.17	-44.4	22.95	23.93
19.67	208	29.8	40	23.26	23.17	-44.39	22.93	23.92
19.67	210	30.8	40	23.26	23.17	-44.37	22.93	23.92
19.67	213	31.9	40	23.26	23.17	-44.32	22.93	23.93
19.67	215	33	40	23.26	23.17	-44.37	22.93	23.94
19.67	217	34	40	23.26	23.17	-44.34	22.93	23.95
19.67	219	35.1	40	23.26	23.17	-44.35	22.93	23.98
19.67	221	36.1	40	23.27	23.17	-44.33	22.93	23.96
19.67	223	37.2	40	23.27	23.17	-44.33	22.93	23.95
19.67	225	38.3	40	23.29	23.17	-44.36	22.93	23.95
19.67	228	39.3	40	23.31	23.17	-44.31	22.93	23.95
19.67	230	40.4	40	23.32	23.17	-44.33	22.93	23.98
19.67	232	41.5	40	23.32	23.17	-44.52	22.93	24.01
19.67	234	42.5	40	23.32	23.17	-44.46	22.93	24.07
19.67	236	43.6	40	23.33	23.17	-44.3	22.93	24.1
19.67	238	44.7	40	23.33	23.17	-44.26	22.93	24.13
19.67	241	45.7	40	23.33	23.17	-44.3	22.93	24.17
19.67	243	46.8	40	23.33	23.17	-44.31	22.93	24.22
19.67	245	47.8	40	23.33	23.17	-44.3	22.93	24.24
19.67	247	48.9	40	23.33	23.17	-44.33	22.93	24.24
19.67	249	50	40	23.33	23.17	-44.49	22.93	24.24
19.67	251	51	40	23.33	23.17	-44.26	22.93	24.18
19.67	254	52.1	40	23.33	23.17	-44.3	22.93	24.16
19.67	255	53.2	40	23.33	23.17	-44.26	22.93	24.13
19.67	255	54.2	40	23.32	23.17	-44.29	22.92	24.09
19.67	255	55.3	40	23.32	23.17	-44.26	22.92	24.03
19.67	255	56.3	40	23.32	23.17	-44.36	22.93	24.01
19.69	255	57.4	40	23.31	23.19	-43.48	22.97	24
20.04	255	58.5	40	23.32	23.19	-43.3	22.99	23.97
20.97	255	59.5	40	23.35	23.22	-43.03	23.13	23.99
22.21	245	60.6	40	23.41	23.24	-42.64	23.44	24.02
23.56	233	61.7	40	23.49	23.3	-42.33	23.95	23.98
24.96	221	62.7	40	23.55	23.36	-41.97	24.57	23.96
26.34	208	63.8	40	23.59	23.39	-41.69	25.33	23.93
27.83	195	64.8	40	23.58	23.39	-41.31	26.11	23.89
29.02	184	65.9	40	23.56	23.37	-41.09	26.93	23.87
30.15	174	67	40	23.58	23.36	-40.86	27.75	23.87
31.15	165	68	40	23.6	23.36	-40.62	28.55	23.83
32.09	156	69.1	40	23.68	23.57	-36.19	29.41	23.7
32.62	152	70.2	40	23.35	23.15	-46.03	29.78	23.57
33.3	146	71.2	40	23.32	23.1	-46.38	30.42	23.46
33.87	141	72.3	40	23.26	23.09	-46.44	31.06	23.45
34.39	136	73.3	40	23.27	23.12	-45.4	31.66	23.45
34.89	132	74.4	40	22.53	21.25	-39.73	30.85	22.64
34.64	135	75.5	40	22.61	22.48	-76.87	32.06	22.81
35.05	131	76.5	40	22.58	22.48	-74.62	32.55	22.8
35.33	129	77.6	40	22.56	22.46	-74.47	33.01	22.83
35.66	126	78.7	40	22.56	22.48	-70.01	33.43	22.76
35.98	123	79.7	40	22.56	22.42	-71.66	33.83	22.81
35.71	126	80.8	40	22.51	22.4	-67.3	33.77	22.47
36.02	124	81.8	40	22.12	22.08	-72.93	33.92	22.37
36.11	123	82.9	40	22.01	21.99	-73.68	34.3	22.37
36.38	121	84	40	22.01	21.99	-73.44	34.68	22.42
36.61	119	85	40	22.01	22.01	-73.1	35.02	22.38
36.84	117	86.1	40	22.02	22.01	-73.04	35.32	22.29
37.07	115	87.1	40	22.02	22.02	-73	35.6	22.25
37.31	113	88.2	40	22.01	22.02	-72.96	35.95	22.2
37.51	111	89.3	40	22.01	22.02	-72.57	36.38	22.15
37.7	109	90.3	40	21.99	21.98	-72.56	36.75	22.11
37.89	108	91.4	40	21.97	21.97	-72.06	37.03	22.08
38.04	106	92.5	40	21.95	21.97	-71.77	37.32	22.06
38.2	105	93.5	40	21.94	21.98	-72.2	37.6	22.03
38.34	104	94.6	40	21.95	21.99	-68.64	37.86	22.01
38.49	103	95.6	40	21.93	22.01	-70.47	38.1	21.99
38.6	102	96.7	40	21.9	22.01	-71.34	38.33	21.97
38.7	101	97.8	40	21.91	22.02	-72.54	38.56	21.96
38.82	100	98.8	40	21.93	22.03	-73.92	38.74	21.96
38.93	99	99.9	40	21.95	22.04	-73.36	38.9	21.97
39.04	98	101	40	21.98	22.05	-72.52	39.08	21.97
39.14	97	102	40	21.99	22.07	-72.81	39.25	21.97
39.22	96	103.1	40	22	22.07	-72.6	39.44	21.97
39.32	95	104.1	40	22	22.07	-72.93	39.62	22.3
41.69	71	105.2	40	22.99	22.96	-65.18	40.79	22.57
41.4	74	106.3	40	23.01	23.1	-59.87	41.59	22.83
41.53	73	107.3	40	23.04	23.06	-65.02	39.86	21.77
40.99	78	108.4	40	22.72	22.82	-70.45	41.51	22.67
41.54	72	109.5	40	22.98	23.01	-69.43	41.94	22.88
41.47	73	110.5	40	22.94	23.01	-62.42	42.3	22.94
41.4	73	111.6	40	22.93	22.99	-65.48	42.28	22.93
41.66	70	112.7	40	23.09	23.08	-59.85	42.5	22.89
41.16	75	113.7	40	23.11	22.95	-58.44	42.67	23.07
40.35	83	114.8	40	22.48	22.52	-63.97	41.53	22.36
40.36	83	115.8	40	22.5	22.51	-66.11	41.6	22.36
40.32	84	116.9	40	22.49	22.51	-65.82	41.66	22.34
40.34	83	118	40	22.51	22.52	-63.75	41.74	22.36
40.37	83	119	40	22.54	22.53	-63.91	41.84	22.37
40.4	83	120.1	40	22.56	22.57	22.92	42.4	22.37
40.43	82	121.2	40	22.55	22.55	22.9	41.96	22.36
40.46	82	122.2	40	22.55	22.55	22.96	42.02	22.36
40.58	81	123.3	40	22.57	22.57	22.94	42.1	22.34
40.55	81	124.4	40	22.56	22.57	23.03	42.17	22.33
40.6	80	125.4	40	22.55	22.57	23.07	42.25	22.31
40.63	80	126.5	40	22.55	22.57	23.06	42.32	22.3
40.65	80	127.5	40	22.57	22.57	23.04	42.39	22.3
40.67	79	128.6	40	22.56	22.57	23.03	42.47	22.29
40.7	79	129.7	40	22.56	22.58	23.01	42.54	22.29
40.72	79	130.7	40	22.56	22.57	23	42.61	22.29
40.73	79	131.8	40	22.54	22.57	22.97	42.68	22.28
40.75	78	132.9	40	22.52	22.57	22.95	42.75	22.27
40.77	78	133.9	40	22.51	22.57	22.93	42.82	22.25
40.79	78	135	40	22.5	22.57	22.94	42.89	22.24
40.81	78	136	40	22.5	22.57	22.91	42.95	22.23
40.82	77	137.1	40	22.5	22.56	22.93	42.99	22.23
40.83	77	138.2	40	22.52	22.56	22.92	43.07	22.23
40.85	77	139.2	40	22.52	22.56	22.93	43.12	22.23
40.86	77	140.3	40	22.52	22.56	22.94	43.18	22.24
40.88	76	141.4	40	22.53	22.56	22.94	43.24	22.24
40.88	76	142.4	40	22.53	22.56	22.93	43.29	22.25
40.89	76	143.5	40	22.53	22.56	22.95	43.35	22.25
40.91	76	144.5	40	22.52	22.56	22.98	43.4	22.26
40.92	-9	145.6	40	22.52	22.56	23	43.46	22.26
40.94	-10	146.7	40	22.56	22.57	23.04	43.53	22.29
40.83	-9	147.7	40	22.58	22.57	23.03	43.57	22.31
40.57	-6	148.8	40	22.59	22.58	23.03	43.58	22.32
40.22	-2	149.9	40	22.61	22.58	23.05	43.53	22.34
39.84	1	150.9	40	22.64	22.59	23.06	43.43	22.34
39.45	5	152	40	22.65	22.59	23.05	43.3	22.36
39.06	9	153.1	40	22.67	22.6	23.07	43.13	22.37
38.67	13	154.1	40	22.69	22.6	23.12	42.94	22.37
38.32	17	155.2	40	22.72	22.62	23.15	42.74	22.4
38	20	156.3	40	22.72	22.61	23.28	42.55	22.41
37.72	24	157.3	40	22.71	22.6	23.33	42.36	22.41
37.44	27	158.4	40	22.7	22.61	23.63	42.18	22.42
37.23	29	159.4	40	22.67	22.6	23.67	42	22.42
37.01	31	160.5	40	22.65	22.56	23.66	41.83	22.39
36.85	33	161.6	40	22.64	22.55	23.66	41.68	22.38
36.7	35	162.6	40	22.63	22.51	23.63	41.53	22.36
36.56	37	163.7	40	22.63	22.48	23.6	41.4	22.42
36.45	39	164.8	40	22.64	22.55	23.6	41.27	22.48
36.35	40	165.8	40	22.65	22.58	23.59	41.16	22.47
36.28	41	166.9	40	22.64	22.6	23.57	41.05	22.49
36.21	42	167.9	40	22.64	22.58	23.53	40.96	22.51
36.14	43	169	40	22.65	22.57	23.52	40.89	22.52
36.1	44	170.1	40	22.71	22.68	23.52	40.81	22.53
36.05	45	171.1	40	22.73	22.67	23.51	40.75	22.54
36.01	46	172.2	40	22.72	22.67	23.49	40.7	22.55
35.98	47	173.3	40	22.72	22.7	23.5	40.65	22.56
35.96	47	174.3	40	22.74	22.71	23.43	40.61	22.58
35.93	48	175.4	40	22.8	22.78	23.49	40.57	22.66
35.92	48	176.4	40	22.89	22.92	23.49	40.54	22.7
35.9	49	177.5	40	22.92	22.96	23.46	40.48	22.7
35.88	50	178.6	40	22.89	22.99	23.46	40.44	22.67
35.89	50	179.6	40	22.88	23.01	23.47	40.41	22.68
35.89	50	180.7	40	22.82	22.92	23.5	40.41	22.65
35.87	51	181.8	40	22.8	22.92	23.49	40.4	22.64
35.88	51	182.8	40	22.76	22.86	23.45	40.36	22.6
35.89	52	183.9	40	22.77	22.8	23.42	40.35	22.6
35.88	52	185	40	22.76	22.75	23.37	40.3	22.59
35.86	53	186	40	22.74	22.73	23.34	40.31	22.56
35.87	53	187.1	40	22.77	22.74	23.32	40.28	22.57
35.89	54	188.1	40	22.76	22.72	23.3	40.28	22.57
35.88	54	189.2	40	22.73	22.68	23.27	40.29	22.57
35.89	54	190.3	40	22.73	22.67	23.24	40.3	22.59
35.92	55	191.3	40	22.75	22.67	23.2	40.28	22.58
35.92	55	192.4	40	22.73	22.67	23.19	40.29	22.59
35.93	55	193.5	40	22.72	22.68	23.15	40.3	22.59
35.95	56	194.5	40	22.72	22.68	23.13	40.29	22.59
35.97	56	195.6	40	22.76	22.73	23.12	40.31	22.55
35.98	56	196.7	40	22.76	22.79	23.1	40.3	22.56
36	56	197.7	40	22.79	22.86	23.12	40.32	22.58
36.02	56	198.8	40	22.76	22.83	23.07	40.31	22.56
36.04	57	199.8	40	22.73	22.8	23.04	40.34	22.55
36.06	57	200.9	40	22.7	22.78	23.01	40.35	22.6
36.09	57	202	40	22.68	22.75	23.01	40.36	22.61
36.11	57	203	40	22.65	22.71	22.96	40.38	22.65
36.14	57	204.1	40	22.64	22.7	22.95	40.41	22.71
36.16	58	205.2	40	22.64	22.73	22.93	40.68	23.08
36.75	52	206.2	40	22.98	23.07	23.26	41.1	23.07
36.79	52	207.3	40	22.97	23.08	23.23	41.11	23.06
36.81	52	208.4	40	22.93	23.06	23.19	41.14	23.03
36.81	52	209.4	40	22.9	23.02	23.14	41.16	22.99
36.81	53	210.5	40	22.87	22.97	23.12	41.17	22.96
36.8	53	211.6	40	22.88	22.93	23.07	41.18	22.95
36.8	54	212.6	40	22.88	22.97	23.05	41.18	23
36.79	54	213.7	40	22.91	22.96	23.06	41.18	22.99
36.79	54	214.7	40	22.88	22.93	23.02	41.18	22.96
36.79	55	215.8	40	22.86	22.93	22.98	41.19	22.95
36.79	55	216.9	40	22.88	22.96	22.97	41.2	22.94
36.79	55	217.9	40	22.85	22.92	22.93	41.21	22.91
36.8	56	219	40	22.82	22.88	22.91	41.22	22.88
36.8	56	220.1	40	22.8	22.85	22.9	41.23	22.85
36.81	56	221.1	40	22.79	22.85	22.9	41.24	22.93
36.83	56	222.2	40	22.84	22.94	22.95	41.25	22.98
36.84	57	223.3	40	22.86	22.99	22.98	41.26	23.05
36.86	57	224.3	40	22.97	23.07	23.06	41.28	23.17
36.87	57	225.4	40	23.03	23.14	23.12	41.29	23.17
36.89	57	226.5	40	23.02	23.17	23.1	41.31	23.15
36.92	57	227.5	40	23.03	23.16	23.12	41.32	23.12
36.94	57	228.6	40	23.02	23.15	23.13	41.34	23.12
36.96	57	229.6	40	23.01	23.16	23.12	41.35	23.09
36.98	57	230.7	40	23.04	23.17	23.13	41.37	23.06
37	58	231.8	40	23.01	23.25	23.11	41.39	23.02
37.02	58	232.8	40	23.04	23.28	23.11	41.4	23.07
37.04	58	233.9	40	23.11	23.38	23.19	41.42	23.11
37.06	58	235	40	23.11	23.39	23.19	41.44	23.11
37.08	58	236	40	23.13	23.45	23.2	41.46	23.11
37.1	58	237.1	40	23.13	23.46	23.17	41.49	23.11
37.12	58	238.2	40	23.11	23.47	23.16	41.51	23.12
37.14	58	239.2	40	23.11	23.49	23.17	41.53	23.12
37.16	58	240.3	40	23.12	23.44	23.17	41.55	23.09
37.18	59	241.3	40	23.09	23.38	23.13	41.57	23.08
37.2	59	242.4	40	23.05	23.36	23.1	41.59	23.04
37.23	59	243.5	40	23.05	23.35	23.06	41.62	23.01
37.25	59	244.5	40	23.01	23.34	23.02	41.64	22.99
37.27	59	245.6	40	22.97	23.33	22.99	41.66	22.99
37.3	59	246.7	40	22.97	23.35	22.99	41.68	23
37.32	59	247.7	40	22.94	23.29	22.96	41.71	22.97
37.34	59	248.8	40	22.92	23.23	22.92	41.73	22.93
37.37	59	249.9	40	22.91	23.17	22.9	41.76	22.91
37.39	59	250.9	40	22.89	23.14	22.87	41.78	22.89
37.41	59	252	40	22.85	23.12	22.84	41.8	22.87
37.43	59	253	40	22.81	23.06	22.82	41.82	22.85
37.45	59	254.1	40	22.79	23.03	22.79	41.85	22.85
37.47	59	255.2	40	22.8	23.01	22.8	41.87	22.85
37.49	59	256.2	40	22.77	22.99	22.76	41.89	22.81
37.51	59	257.3	40	22.74	22.95	22.74	41.91	22.78
37.52	60	258.4	40	22.72	22.92	22.72	41.93	22.76
37.54	60	259.4	40	22.69	22.89	22.7	41.95	22.75
37.56	60	260.5	40	22.68	22.85	22.68	41.97	22.73
37.58	60	261.6	40	22.64	22.82	22.66	41.99	22.69
37.6	60	262.6	40	22.65	22.89	22.65	42.01	22.71
37.61	60	263.7	40	22.68	22.88	22.67	42.03	22.7
37.64	60	264.8	40	22.68	22.84	22.66	42.06	22.68
37.65	60	265.8	40	22.65	22.81	22.64	42.07	22.66
37.67	60	266.9	40	22.64	22.78	22.63	42.1	22.65
37.69	60	267.9	40	22.63	22.8	22.61	42.12	22.63
37.71	60	269	40	22.62	22.81	22.61	42.14	22.61
37.72	60	270.1	40	22.62	22.78	22.6	42.17	22.59
37.75	60	271.1	40	22.6	22.74	22.58	42.2	22.57
37.76	60	272.2	40	22.57	22.71	22.56	42.22	22.57
37.78	61	273.3	40	22.56	22.72	22.55	42.25	22.57
37.8	61	274.3	40	22.54	22.69	22.53	42.27	22.55
37.82	61	275.4	40	22.52	22.66	22.52	42.3	22.54
37.83	61	276.5	40	22.5	22.65	22.5	42.32	22.53
37.86	61	277.5	40	22.48	22.63	22.49	42.34	22.53
37.88	61	278.6	40	22.49	22.64	22.48	42.37	22.54
37.9	61	279.6	40	22.49	22.62	22.47	42.39	22.54
37.92	61	280.7	40	22.47	22.6	22.46	42.41	22.53
37.94	61	281.8	40	22.46	22.58	22.46	42.44	22.52
37.96	61	282.8	40	22.48	22.64	22.46	42.47	22.53
37.98	61	283.9	40	22.47	22.62	22.44	42.49	22.52
38.01	61	285	40	22.45	22.61	22.43	42.52	22.5
38.02	61	286	40	22.44	22.6	22.43	42.55	22.5
38.04	61	287.1	40	22.44	22.58	22.44	42.57	22.51
38.06	61	288.2	40	22.43	22.58	22.44	42.6	22.51
38.08	61	289.2	40	22.43	22.57	22.45	42.63	22.52
38.09	61	290.3	40	22.43	22.57	22.45	42.65	22.53
38.11	61	291.4	40	22.45	22.57	22.47	42.68	22.54
38.13	61	292.4	40	22.45	22.55	22.47	42.7	22.54
38.15	61	293.5	40	22.44	22.53	22.48	42.73	22.52
38.16	61	294.5	40	22.42	22.51	22.47	42.76	22.55
38.18	61	295.6	40	22.46	22.57	22.52	42.77	22.59
38.2	61	296.7	40	22.5	22.6	22.55	42.8	22.64
38.22	61	297.7	40	22.55	22.66	22.61	42.82	22.7
38.23	61	298.8	40	22.61	22.7	22.67	42.84	22.71
38.25	61	299.9	40	22.64	22.76	22.66	42.87	22.71
38.27	61	300.9	40	22.64	22.75	22.65	42.88	22.7
38.29	61	302	40	22.61	22.74	22.63	42.89	22.71
38.31	61	303.1	40	22.61	22.73	22.65	42.91	22.69
38.32	61	304.1	40	22.6	22.74	22.64	42.93	22.7
38.34	61	305.2	40	22.6	22.74	22.64	42.95	22.72
38.36	61	306.2	40	22.59	22.75	22.66	42.98	22.74
38.37	61	307.3	40	22.6	22.75	22.67	43	22.74
38.38	61	308.4	40	22.63	22.79	22.7	43.01	22.79
38.4	61	309.4	40	22.69	22.84	22.74	43.04	22.83
38.41	61	310.5	40	22.74	22.88	22.78	43.06	22.87
38.41	61	311.6	40	22.78	22.92	22.82	43.07	22.9
38.43	61	312.6	40	22.82	22.95	22.86	43.09	22.92
38.43	61	313.7	40	22.84	22.98	22.88	43.12	22.93
38.45	61	314.8	40	22.86	23.01	22.89	43.15	22.92
38.46	62	315.8	40	22.9	22.98	22.91	43.17	22.92
38.47	62	316.9	40	22.93	22.96	22.91	43.18	22.92
38.48	62	318	40	22.93	22.93	22.91	43.2	22.9
38.5	62	319	40	22.9	22.94	22.89	43.22	22.9
38.5	62	320.1	40	22.92	22.93	22.9	43.24	22.88
38.53	62	321.1	40	22.89	22.92	22.89	43.27	22.88
38.54	62	322.2	40	22.91	22.92	22.9	43.28	22.87
38.56	62	323.3	40	22.92	22.96	22.91	43.3	22.96
38.58	62	324.3	40	22.96	23.01	22.94	43.33	23.03
38.59	62	325.4	40	23.04	23.08	23	43.35	23.1
38.6	62	326.5	40	23.09	23.1	23.04	43.36	23.12
38.62	62	327.5	40	23.06	23.13	23	43.38	23.09
38.63	62	328.6	40	23.04	23.13	22.99	43.42	23.08
38.65	62	329.7	40	23.06	23.13	22.99	43.43	23.04
38.66	62	330.7	40	23.01	23.1	22.97	43.46	23.02
38.68	62	331.8	40	22.97	23.07	22.94	43.47	23.01
38.69	62	332.8	40	22.96	23.06	22.95	43.49	23
38.7	62	333.9	40	22.94	23.05	22.94	43.51	23.05
38.71	62	335	40	22.95	23.02	22.98	43.53	23.03
38.73	62	336	40	22.97	23	22.99	43.56	22.99
38.74	62	337.1	40	22.94	22.96	22.99	43.57	22.97
38.76	62	338.2	40	22.92	22.93	22.96	43.59	22.95
38.77	62	339.2	40	22.91	22.93	22.96	43.6	22.91
38.78	62	340.3	40	22.88	22.88	22.95	43.62	22.91
38.79	62	341.4	40	22.91	22.89	22.97	43.64	22.9
38.81	62	342.4	40	22.9	22.86	22.96	43.66	22.86
38.82	62	343.5	40	22.87	22.84	22.93	43.68	22.83
38.83	62	344.6	40	22.83	22.8	22.9	43.7	22.8
38.85	62	345.6	40	22.8	22.77	22.88	43.71	22.79
38.87	62	346.7	40	22.78	22.74	22.86	43.73	22.79
38.88	62	347.7	40	22.77	22.73	22.87	43.75	22.79
38.89	62	348.8	40	22.76	22.73	22.86	43.76	22.8
38.9	62	349.9	40	22.76	22.73	22.85	43.78	22.82
38.91	62	350.9	40	22.74	22.74	22.83	43.79	22.81
38.93	62	352	40	22.73	22.72	22.81	43.82	22.8
38.94	62	353.1	40	22.74	22.76	22.79	43.84	22.82
38.96	61	354.1	40	22.75	22.75	22.76	43.86	22.81
38.97	61	355.2	40	22.73	22.73	22.78	43.89	22.79
38.98	61	356.3	40	22.73	22.7	22.82	43.91	22.76
38.99	61	357.3	40	22.71	22.67	22.82	43.92	22.75
39	62	358.4	40	22.69	22.66	22.81	43.94	22.73
39	62	359.4	40	22.66	22.65	22.8	43.95	22.71
39.02	62	360.5	40	22.64	22.63	22.77	43.96	22.7
39.03	62	361.6	40	22.63	22.64	22.76	43.98	22.7
39.04	62	362.6	40	22.63	22.63	22.77	43.99	22.67
39.05	62	363.7	40	22.61	22.63	22.77	44.01	22.68
39.06	62	364.8	40	22.61	22.61	22.77	44.03	22.68
39.07	62	365.8	40	22.59	22.62	22.76	44.04	22.73
39.08	61	366.9	40	22.6	22.6	22.74	44.05	22.71
39.09	61	368	40	22.59	22.58	22.73	44.07	22.7
39.1	61	369	40	22.58	22.58	22.73	44.09	22.69
39.12	61	370.1	40	22.57	22.61	22.73	44.11	22.73
39.11	62	371.2	40	22.56	22.63	22.74	44.12	22.74
39.12	62	372.2	40	22.56	22.62	22.72	44.14	22.71
39.13	62	373.3	40	22.54	22.6	22.71	44.16	22.69
39.12	62	374.3	40	22.56	22.62	22.73	44.17	22.69
39.13	62	375.4	40	22.57	22.65	22.77	44.2	22.75
39.13	62	376.5	40	22.65	22.74	22.81	44.2	22.84
39.14	62	377.5	40	22.69	22.82	22.84	44.22	22.9
39.15	62	378.6	40	22.69	22.89	22.85	44.23	22.92
39.16	62	379.7	40	22.74	22.91	22.88	44.24	22.94
39.16	70	380.7	40	22.78	22.94	22.91	44.25	22.97
39.17	70	381.8	40	22.78	22.95	22.91	44.26	22.94
39.19	70	382.9	40	22.76	22.93	22.88	44.28	22.93
39.23	69	384	40	22.73	22.89	22.86	44.3	22.9
39.28	68	385	40	22.71	22.85	22.84	44.32	22.87
39.32	68	386.1	40	22.68	22.82	22.84	44.34	22.86
39.36	67	387.2	40	22.69	22.82	22.86	44.38	22.87
39.41	66	388.2	40	22.72	22.85	22.9	44.41	22.92
39.45	65	389.3	40	22.74	22.85	22.91	44.45	22.91
39.48	64	390.4	40	22.73	22.83	22.91	44.49	22.91
39.51	64	391.4	40	22.72	22.81	22.9	44.51	22.96
39.53	64	392.5	40	22.74	22.81	22.89	44.55	22.94
39.54	63	393.6	40	22.71	22.78	22.87	44.58	22.91
39.56	63	394.6	40	22.69	22.78	22.85	44.6	22.88
39.57	63	395.7	40	22.67	22.75	22.83	44.63	22.84
39.58	63	396.7	40	22.65	22.72	22.8	44.65	22.82
39.58	63	397.8	40	22.64	22.7	22.8	44.67	22.81
39.59	63	398.9	40	22.65	22.7	22.79	44.69	22.81
39.6	63	399.9	40	22.65	22.73	22.82	44.71	22.83
39.6	63	401	40	22.69	22.77	22.84	44.72	22.83
39.61	63	402.1	40	22.68	22.76	22.82	44.74	22.84
39.61	62	403.1	40	22.68	22.75	22.82	44.76	22.82
39.63	62	404.2	40	22.68	22.74	22.79	44.77	22.8
39.63	62	405.3	40	22.66	22.73	22.78	44.78	22.77
39.63	62	406.3	40	22.65	22.72	22.76	44.79	22.76
39.64	62	407.4	40	22.63	22.7	22.75	44.81	22.74
39.63	62	408.5	40	22.62	22.68	22.74	44.82	22.72
39.64	62	409.5	40	22.6	22.66	22.71	44.83	22.7
39.64	62	410.6	40	22.59	22.64	22.71	44.82	22.7
39.64	62	411.6	40	22.58	22.63	22.71	44.84	22.72
39.64	62	412.7	40	22.6	22.63	22.73	44.85	22.74
39.64	62	413.8	40	22.61	22.66	22.77	44.86	22.77
39.64	62	414.8	40	22.66	22.7	22.83	44.87	22.81
39.64	62	415.9	40	22.68	22.72	22.86	44.88	22.8
39.64	62	417	40	22.68	22.72	22.86	44.89	22.79
39.64	62	418	40	22.67	22.75	22.85	44.9	22.79
39.64	62	419.1	40	22.73	22.77	22.9	44.9	22.79
39.64	62	420.2	40	22.74	22.77	22.91	44.92	22.77
39.65	62	421.2	40	22.72	22.75	22.89	44.92	22.75
39.64	63	422.3	40	22.7	22.73	22.86	44.93	22.72
39.64	63	423.3	40	22.67	22.71	22.83	44.94	22.71
39.64	63	424.4	40	22.65	22.68	22.83	44.95	22.68
39.65	63	425.5	40	22.64	22.66	22.82	44.96	22.69
39.66	62	426.5	40	22.63	22.64	22.82	44.97	22.67
39.67	62	427.6	40	22.61	22.62	22.82	44.98	22.67
39.67	62	428.7	40	22.61	22.61	22.81	44.99	22.67
39.67	62	429.7	40	22.61	22.6	22.8	45	22.67
39.68	62	430.8	40	22.61	22.59	22.79	45.01	22.66
39.68	62	431.9	40	22.59	22.57	22.77	45.02	22.65
39.68	62	432.9	40	22.58	22.56	22.77	45.03	22.63
39.68	62	434	40	22.57	22.55	22.75	45.04	22.64
39.68	62	435	40	22.57	22.57	22.76	45.05	22.63
39.68	62	436.1	40	22.56	22.57	22.76	45.05	22.67
39.68	62	437.2	40	22.56	22.58	22.77	45.07	22.68
39.68	62	438.2	40	22.56	22.59	22.76	45.07	22.68
39.69	62	439.3	40	22.57	22.6	22.77	45.08	22.72
39.69	62	440.4	40	22.59	22.63	22.8	45.1	22.74
39.69	62	441.4	40	22.61	22.67	22.83	45.1	22.76
39.69	62	442.5	40	22.66	22.69	22.87	45.15	22.8
39.72	62	443.6	40	22.71	22.73	22.92	45.14	22.83
39.73	62	444.6	40	22.73	22.75	22.98	45.16	22.84
39.73	61	445.7	40	22.77	22.76	22.99	45.17	22.86
39.74	61	446.8	40	22.78	22.78	22.99	45.17	22.87
39.73	62	447.8	40	22.76	22.78	22.99	45.18	22.9
39.74	61	448.9	40	22.79	22.77	22.99	45.18	22.88
39.74	62	449.9	40	22.77	22.76	22.98	45.19	22.87
39.73	62	451	40	22.77	22.75	22.99	45.19	22.86
39.73	62	452.1	40	22.76	22.73	22.98	45.2	22.84
39.74	62	453.1	40	22.75	22.71	22.98	45.2	22.83
39.74	62	454.2	40	22.78	22.72	23	45.19	22.89
39.75	62	455.3	40	22.81	22.76	23.03	45.21	22.9
39.75	61	456.3	40	22.85	22.75	23.04	45.21	22.88
39.75	62	457.4	40	22.83	22.73	23.02	45.22	22.85
39.75	62	458.5	40	22.8	22.72	22.98	45.22	22.85
39.74	62	459.5	40	22.78	22.7	22.95	45.24	22.83
39.75	62	460.6	40	22.76	22.69	22.93	45.24	22.81
39.74	62	461.6	40	22.74	22.68	22.93	45.25	22.81
39.75	62	462.7	40	22.74	22.72	22.95	45.26	22.83
39.74	62	463.8	40	22.76	22.74	22.98	45.27	22.88
39.75	62	464.8	40	22.79	22.74	22.99	45.28	22.88
39.75	62	465.9	40	22.78	22.72	22.98	45.28	22.9
39.75	62	467	40	22.81	22.73	22.99	45.29	22.93
39.75	62	468	40	22.84	22.78	22.99	45.29	22.94
39.76	62	469.1	40	22.85	22.82	23	45.3	22.98
39.76	62	470.2	40	22.88	22.89	23.03	45.31	22.98
39.77	61	471.2	40	22.87	22.92	23.04	45.32	22.96
38.4	89	472.3	40	21.64	23.04	23.19	45.12	23.13
33.11	196	473.4	40	21.84	19.61	22.09	45.32	23.36
40.05	57	474.4	40	23.28	23.31	23.48	45.53	23.41
40.33	51	475.5	40	23.26	23.29	23.49	45.6	23.4
40.61	45	476.5	40	23.24	23.28	23.48	45.69	23.4
40.74	43	477.6	40	23.22	23.27	23.48	45.81	23.45
40.76	42	478.7	40	23.22	23.29	23.52	45.92	23.48
40.74	43	479.7	40	23.24	23.3	23.53	45.99	23.52
40.67	44	480.8	40	23.26	23.29	23.55	46.02	23.52
40.56	46	481.9	40	23.27	23.26	23.57	46.02	23.52
40.44	48	482.9	40	23.27	23.26	23.58	45.99	23.52
40.34	50	484	40	23.27	23.24	23.56	45.95	23.5
40.23	53	485.1	40	23.25	23.22	23.53	45.9	23.48
40.13	54	486.1	40	23.23	23.22	23.51	45.86	23.46
40.13	54	487.2	40	23.1	23.14	23.36	45.97	23.32
40.07	56	488.3	40	23.09	23.14	23.34	45.93	23.32
40.02	57	489.3	40	23.08	23.12	23.31	45.88	23.3
39.98	58	490.4	40	23.08	23.13	23.3	45.84	23.3
39.95	58	491.5	40	23.07	23.12	23.28	45.81	23.26
39.92	59	492.5	40	23.04	23.1	23.24	45.78	23.24
39.91	59	493.6	40	23.02	23.07	23.22	45.76	23.21
39.9	59	494.6	40	22.99	23.04	23.19	45.75	23.18
39.9	59	495.7	40	22.97	23.02	23.17	45.74	23.15
39.9	59	496.8	40	22.95	23	23.14	45.74	23.14
39.9	59	497.8	40	22.94	22.99	23.12	45.74	23.11
39.9	59	498.9	40	22.93	22.98	23.1	45.74	23.1
39.9	59	500	40	22.92	22.98	23.08	45.73	23.11
39.9	59	501	40	22.94	22.99	23.1	45.72	23.14
39.89	59	502.1	40	22.94	22.99	23.12	45.72	23.15
39.89	59	503.2	40	22.95	22.99	23.14	45.71	23.16
39.89	59	504.2	40	22.96	23	23.14	45.7	23.16
39.89	60	505.3	40	22.95	22.99	23.13	45.7	23.16
39.88	60	506.4	40	22.95	22.98	23.12	45.69	23.16
39.88	60	507.4	40	22.94	22.98	23.11	45.69	23.16
39.87	60	508.5	40	22.96	22.99	23.14	45.68	23.17
39.87	60	509.5	40	22.99	23.02	23.13	45.68	23.17
39.88	60	510.6	40	22.99	23.01	23.13	45.69	23.14
39.88	60	511.7	40	22.98	22.99	23.12	45.68	23.12
39.88	60	512.7	40	22.96	22.98	23.1	45.69	23.1
39.88	60	513.8	40	22.95	22.96	23.09	45.69	23.08
39.89	59	514.9	40	22.97	22.98	23.09	45.69	23.08
39.9	59	515.9	40	23	23	23.11	45.69	23.1
39.89	60	517	40	23.02	23.03	23.14	45.7	23.1
39.89	60	518.1	40	23.05	23.05	23.17	45.7	23.11
39.89	60	519.1	40	23.08	23.07	23.18	45.7	23.13
39.89	60	520.2	40	23.09	23.08	23.2	45.7	23.13
39.89	117	521.2	40	23.1	23.1	23.21	45.7	23.16
39.89	117	522.3	40	23.12	23.12	23.24	45.7	23.17
39.97	115	523.4	40	23.13	23.14	23.26	45.71	23.23
40.17	111	524.5	40	23.19	23.2	23.31	45.74	23.26
40.43	106	525.5	40	23.21	23.22	23.32	45.82	23.28
40.7	101	526.6	40	23.24	23.23	23.32	45.93	23.31
40.97	95	527.7	40	23.26	23.25	23.33	46.07	23.33
41.22	90	528.7	40	23.29	23.29	23.39	46.22	23.4
41.43	85	529.8	40	23.36	23.4	23.43	46.37	23.48
41.62	-32	530.9	40	23.43	23.43	23.47	46.53	23.46
41.77	-36	531.9	40	23.41	23.42	23.44	46.67	23.43
41.74	-36	533	40	23.39	23.44	23.43	46.79	23.41
41.5	-31	534	40	23.38	23.42	23.42	46.85	23.39
41.14	-24	535.1	40	23.34	23.43	23.4	46.82	23.4
40.73	-16	536.2	40	23.39	23.42	23.41	46.73	23.38
40.3	-8	537.2	40	23.43	23.44	23.42	46.57	23.36
39.88	2	538.3	40	23.41	23.4	23.41	46.37	23.34
39.47	11	539.4	40	23.39	23.45	23.39	46.15	23.36
39.09	18	540.4	40	23.38	23.43	23.38	45.92	23.34
38.74	26	541.5	40	23.38	23.4	23.39	45.68	23.3
38.46	32	542.6	40	23.34	23.36	23.35	45.45	23.27
38.22	37	543.6	40	23.3	23.31	23.33	45.23	23.25
38.02	41	544.7	40	23.28	23.3	23.33	45.05	23.26
37.89	44	545.8	40	23.28	23.3	23.34	44.87	23.26
37.78	47	546.8	40	23.28	23.3	23.35	44.72	23.29
37.72	49	547.9	40	23.29	23.33	23.39	44.6	23.33
37.68	50	548.9	40	23.31	23.35	23.42	44.5	23.38
37.66	51	550	40	23.33	23.36	23.44	44.41	23.39
37.66	51	551.1	40	23.33	23.36	23.47	44.35	23.42
37.67	52	552.1	40	23.35	23.4	23.5	44.29	23.44
37.68	52	553.2	40	23.37	23.42	23.56	44.25	23.46
37.7	52	554.3	40	23.38	23.44	23.59	44.21	23.44
37.73	52	555.3	40	23.36	23.41	23.57	44.18	23.4
37.75	52	556.4	40	23.33	23.37	23.54	44.15	23.38
37.78	52	557.4	40	23.3	23.33	23.51	44.13	23.34
37.8	52	558.5	40	23.26	23.3	23.48	44.11	23.35
37.82	52	559.6	40	23.23	23.3	23.45	44.09	23.33
37.84	52	560.6	40	23.21	23.29	23.41	44.07	23.3
37.85	52	561.7	40	23.17	23.29	23.37	44.06	23.27
37.86	53	562.8	40	23.14	23.28	23.35	44.06	23.25
37.88	53	563.8	40	23.12	23.24	23.32	44.06	23.23
37.89	96	564.9	40	23.08	23.21	23.3	44.05	23.21
37.89	98	566	40	23.06	23.17	23.27	44.04	23.18
37.98	98	567	40	23.04	23.14	23.26	44.05	23.16
38.15	97	568.1	40	23.03	23.12	23.25	44.08	23.14
38.36	94	569.1	40	23.01	23.1	23.22	44.15	23.12
38.6	28	570.2	40	22.99	23.08	23.2	44.24	23.11
38.85	24	571.3	40	22.98	23.06	23.18	44.36	23.09
38.98	23	572.3	40	22.97	23.04	23.17	44.48	23.09
38.97	24	573.4	40	22.97	23.05	23.17	44.58	23.11
38.87	27	574.5	40	22.97	23.04	23.17	44.63	23.1
38.73	31	575.5	40	22.97	23.04	23.16	44.65	23.09
38.56	36	576.6	40	22.96	23.04	23.17	44.63	23.1
38.4	41	577.7	40	22.95	23.01	23.16	44.57	23.09
38.25	46	578.7	40	22.93	23	23.17	44.51	23.08
38.13	50	579.8	40	22.92	22.99	23.16	44.43	23.11
38.04	54	580.8	40	22.93	23.02	23.15	44.35	23.1
37.97	58	581.9	40	22.93	23.08	23.16	44.28	23.1
37.94	61	583	40	22.92	23.1	23.14	44.22	23.1
37.93	63	584	40	22.91	23.1	23.13	44.18	23.1
37.95	65	585.1	40	22.92	23.09	23.12	44.14	23.09
37.99	66	586.2	40	22.91	23.12	23.1	44.13	23.1
38.04	67	587.2	40	22.92	23.17	23.1	44.12	23.13
38.11	68	588.3	40	22.97	23.22	23.12	44.14	23.16
38.19	68	589.4	40	22.99	23.24	23.12	44.15	23.18
38.27	69	590.4	40	23.02	23.26	23.14	44.18	23.19
38.35	69	591.5	40	23.04	23.28	23.17	44.22	23.19
38.44	68	592.6	40	23.04	23.27	23.2	44.26	23.2
38.53	68	593.6	40	23.06	23.28	23.22	44.31	23.29
38.61	68	594.7	40	23.13	23.32	23.27	44.35	23.34
38.69	68	595.7	40	23.21	23.38	23.32	44.4	23.42
38.78	67	596.8	40	23.27	23.43	23.38	44.45	23.46
38.86	67	597.9	40	23.32	23.48	23.43	44.5	23.52
38.93	67	598.9	40	23.37	23.53	23.49	44.49	23.56
39	66	600	40	23.4	23.56	23.53	44.58	23.59
39.06	66	601.1	40	23.42	23.57	23.55	44.64	23.61
39.12	66	602.1	40	23.43	23.59	23.59	44.7	23.63
39.17	66	603.2	40	23.51	23.6	23.65	44.77	23.7
39.21	66	604.3	40	23.58	23.65	23.7	44.83	23.72
39.27	66	605.3	40	23.59	23.64	23.7	44.89	23.7
38.87	75	606.4	40	23.17	23.3	23.36	44.35	23.51
38.92	75	607.4	40	23.41	23.49	23.61	44.56	23.57
38.92	76	608.5	40	23.23	23.28	23.42	44.82	23.61
39.22	71	609.6	40	23.44	23.49	23.67	44.84	23.61
39.35	69	610.6	40	23.52	23.56	21.54	36.35	18.68
38.74	82	611.7	40	22.93	23.02	23.21	43.17	21.07
36.65	128	612.8	40	21.98	22.03	22.05	41.2	21.76
36.66	131	613.8	40	21.9	21.82	21.97	39.53	22.18
32.13	230	614.9	40	20.85	21.54	21.81	41.53	22
37	136	616	40	21.96	22.04	22.21	41.86	22.1
37.56	127	617	40	22.13	22.18	22.32	42.17	22.21
37.86	124	618.1	40	22.09	22.16	22.29	42.12	22.1
38.27	117	619.2	40	22.01	22.01	22.1	42.02	21.9
38.27	119	620.2	40	21.84	21.93	22.01	42.08	21.81
38.55	115	621.3	40	21.82	21.92	22.01	42.42	21.89
39.02	107	622.4	40	21.99	22.14	22.2	43.08	22.08
39.41	99	623.4	40	22.02	22.16	22.19	43.29	22.08
39.63	95	624.5	40	22.05	22.25	22.15	43.35	22
39.83	92	625.5	40	22.24	22.45	22.43	44.18	22.29
40.18	84	626.6	40	22.07	22.16	22.1	43.32	21.84
39.79	92	627.7	40	21.85	21.99	22.02	43.69	21.88
39.88	91	628.7	40	21.8	21.9	21.98	43.81	21.87
39.9	91	629.8	40	21.76	21.89	21.96	43.9	21.81
39.87	91	630.9	40	21.67	21.81	21.88	43.92	21.75
39.87	91	631.9	40	21.63	21.77	21.87	44.16	21.81
40.19	85	633	40	21.69	21.87	21.9	44.26	21.75
40.06	87	634.1	40	21.6	21.78	21.78	44.2	21.68
39.99	89	635.1	40	21.5	21.66	21.69	44.13	21.57
40.02	88	636.2	40	21.44	21.59	21.64	44.28	21.54
40.12	86	637.3	40	21.61	21.78	21.85	44.94	21.78
40.76	72	638.3	40	21.69	21.81	21.88	45.12	21.8
40.79	71	639.4	40	21.67	21.78	21.85	45.18	21.8
40.79	70	640.4	40	21.67	21.76	21.85	45.19	21.78
40.78	69	641.5	40	21.63	21.73	21.81	45.22	21.74
40.59	73	642.6	40	21.57	21.69	21.73	45.1	21.64
40.45	75	643.6	40	21.53	21.62	21.65	44.72	21.45
41.25	58	644.7	40	21.97	22.08	22.12	46.07	22.05
41.23	57	645.8	40	21.96	22.09	22.13	46.1	22.08
41.17	57	646.8	40	21.96	22.11	22.13	46.1	22.07
41.12	57	647.9	40	21.98	22.14	22.16	46.12	22.07
41.02	57	649	40	21.96	22.16	22.12	46.11	22.06
40.92	58	650	40	21.93	22.13	22.11	46.09	22.03
40.84	59	651.1	40	21.92	22.11	22.09	46.07	22
40.71	61	652.2	40	21.91	22.07	22.07	46.09	22.05
40.64	62	653.2	40	21.89	22.04	22.04	45.96	21.98
40.52	63	654.3	40	21.87	22.03	22.02	45.93	21.95
40.44	65	655.4	40	21.85	22.01	21.99	45.83	21.94
40.32	67	656.4	40	21.82	21.96	21.96	45.74	21.89
40.25	68	657.5	40	21.78	21.94	21.94	45.72	21.85
40.19	69	658.6	40	21.75	21.89	21.9	45.59	21.86
40.15	70	659.6	40	21.79	21.96	21.93	45.61	21.91
40.12	70	660.7	40	21.82	21.95	21.94	45.57	21.9
40.12	70	661.7	40	21.83	21.95	21.93	45.57	21.87
40.09	70	662.8	40	21.8	21.92	21.9	45.55	21.86
40.1	70	663.9	40	21.82	21.92	21.92	45.54	21.85
40.04	71	664.9	40	21.86	21.91	21.93	45.52	21.81
40.08	70	666	40	21.82	21.88	21.89	45.5	21.79
40.16	69	667.1	40	21.8	21.89	21.86	45.49	21.8
40.03	71	668.1	40	21.78	21.94	21.89	45.47	21.77
40.18	68	669.2	40	21.8	22.02	21.93	45.46	21.84
40.02	71	670.3	40	21.83	22.08	21.97	45.45	21.89
40.02	71	671.3	40	21.86	22.09	22	45.46	21.9
40.01	71	672.4	40	21.84	22.06	22	45.46	21.91
40.01	71	673.5	40	21.84	22.03	22.01	45.44	21.9
39.97	72	674.5	40	21.81	21.98	22.01	45.42	21.89
39.97	72	675.6	40	21.82	21.97	22.01	45.4	21.89
39.99	72	676.7	40	21.94	22.08	22.06	45.42	21.9
39.98	72	677.7	40	21.88	21.98	22.06	45.43	21.89
39.98	72	678.8	40	21.85	21.96	22.06	45.46	21.89
39.97	72	679.8	40	21.83	21.95	22.04	45.4	21.84
39.95	73	680.9	40	21.8	21.93	22	45.38	21.82
39.94	73	682	40	21.79	21.91	21.99	45.36	21.81
39.92	74	683	40	21.76	21.87	21.98	45.36	21.81
39.89	74	684.1	40	21.72	21.83	21.96	45.34	21.8
40.04	71	685.2	40	21.82	21.84	21.95	45.37	21.81
39.93	73	686.2	40	21.7	21.8	21.93	45.29	21.66
38.71	99	687.3	40	21.1	21.25	22	45.62	21.91
40.15	70	688.4	40	21.83	21.86	22.12	45.72	21.93
40.1	71	689.4	40	21.73	21.76	22.03	45.64	21.85
40.29	67	690.5	40	21.8	21.83	22.05	45.8	21.9
40.18	69	691.6	40	21.65	21.67	21.91	45.59	21.87
40.72	57	692.6	40	21.99	22	22.27	46.39	22.16
40.89	53	693.7	40	22.08	22.06	22.32	46.55	22.24
40.98	50	694.8	40	22.13	22.14	22.34	46.66	22.23
40.92	50	695.8	40	22.12	22.17	22.35	46.67	22.26
40.83	51	696.9	40	22.17	22.21	22.37	46.65	22.25
40.73	53	697.9	40	22.18	22.24	22.36	46.63	22.3
40.63	54	699	40	22.19	22.29	22.37	46.56	22.29
40.53	55	700.1	40	22.21	22.32	22.33	46.51	22.26
40.4	58	701.1	40	22.16	22.26	22.27	46.41	22.2
40.28	60	702.2	40	22.12	22.22	22.23	46.37	22.18
40.23	60	703.3	40	22.07	22.17	22.23	46.3	22.14
40.14	62	704.3	40	22.04	22.13	22.23	46.24	22.16
40.14	62	705.4	40	22.06	22.17	22.27	46.25	22.21
40.04	64	706.5	40	22.09	22.19	22.28	46.17	22.25
40.03	64	707.5	40	22.12	22.22	22.3	46.13	22.24
39.99	65	708.6	40	22.13	22.2	22.34	46.09	22.25
39.97	65	709.7	40	22.26	22.29	22.48	46.37	22.39
40.21	62	710.7	40	22.27	22.3	22.49	46.34	22.39
40.19	62	711.8	40	22.31	22.31	22.52	46.32	22.41
40.23	62	712.9	40	22.37	22.35	22.58	46.37	22.46
40.22	62	713.9	40	22.39	22.36	22.6	46.35	22.45
40.2	62	715	40	22.38	22.37	22.62	46.32	22.44
40.17	62	716.1	40	22.4	22.38	22.64	46.3	22.44
40.14	62	717.1	40	22.38	22.35	22.64	46.27	22.42
40.1	62	718.2	40	22.35	22.31	22.61	46.26	22.37
40.08	62	719.3	40	22.33	22.27	22.58	46.23	22.36
40.06	62	720.3	40	22.33	22.25	22.58	46.22	22.38
40.04	63	721.4	40	22.33	22.24	22.6	46.19	22.39
40.02	63	722.5	40	22.35	22.27	22.62	46.19	22.4
40	63	723.5	40	22.37	22.29	22.64	46.17	22.42
39.98	63	724.6	40	22.42	22.32	22.68	46.16	22.46
39.96	63	725.6	40	22.44	22.39	22.73	46.13	22.48
39.95	64	726.7	40	22.46	22.41	22.75	46.12	22.49
39.93	64	727.8	40	22.47	22.43	22.75	46.1	22.49
39.92	64	728.8	40	22.48	22.44	22.75	46.07	22.49
39.9	64	729.9	40	22.47	22.5	22.74	46.05	22.5
39.88	65	731	40	22.48	22.53	22.75	46.02	22.52
39.85	65	732	40	22.51	22.55	22.78	45.99	22.53
39.83	65	733.1	40	22.55	22.58	22.81	45.97	22.54
39.83	66	734.2	40	22.55	22.55	22.81	45.97	22.53
39.83	66	735.2	40	22.54	22.52	22.79	45.93	22.5
39.79	66	736.3	40	22.49	22.46	22.74	45.91	22.46
39.79	67	737.3	40	22.45	22.42	22.72	45.88	22.44
39.75	67	738.4	40	22.39	22.34	22.67	45.86	22.41
39.75	68	739.5	40	22.38	22.34	22.68	45.85	22.44
39.75	68	740.5	40	22.38	22.32	22.67	45.84	22.44
39.75	68	741.6	40	22.41	22.32	22.67	45.83	22.46
39.74	68	742.7	40	22.37	22.31	22.63	45.82	22.42
39.76	69	743.7	40	22.35	22.31	22.62	45.83	22.38
39.77	69	744.8	40	22.3	22.27	22.61	45.82	22.4
39.77	69	745.9	40	22.27	22.24	22.6	45.84	22.41
39.79	69	746.9	40	22.28	22.26	22.62	45.83	22.45
39.8	69	748	40	22.31	22.27	22.63	45.83	22.47
39.81	69	749.1	40	22.32	22.28	22.62	45.84	22.5
39.82	69	750.1	40	22.33	22.33	22.62	45.86	22.48
39.84	69	751.2	40	22.33	22.4	22.6	45.86	22.53
39.84	69	752.2	40	22.33	22.4	22.6	45.86	22.51
39.86	69	753.3	40	22.32	22.4	22.57	45.85	22.5
39.87	69	754.4	40	22.31	22.4	22.58	45.87	22.49
39.88	69	755.4	40	22.28	22.36	22.56	45.87	22.45
39.89	69	756.5	40	22.24	22.32	22.51	45.88	22.41
39.89	70	757.6	40	22.19	22.27	22.46	45.88	22.39
39.9	70	758.6	40	22.16	22.23	22.43	45.86	22.37
39.89	70	759.7	40	22.15	22.22	22.43	45.88	22.37
39.9	70	760.8	40	22.13	22.18	22.41	45.88	22.34
39.92	70	761.8	40	22.11	22.14	22.39	45.88	22.36
39.93	70	762.9	40	22.1	22.11	22.38	45.89	22.33
39.93	70	764	40	22.07	22.08	22.36	45.91	22.3
39.96	69	765	40	22.06	22.08	22.34	45.89	22.26
39.96	70	766.1	40	22.04	22.07	22.31	45.91	22.25
39.97	69	767.1	40	22.04	22.06	22.31	45.93	22.23
39.97	69	768.2	40	22.01	22.02	22.29	45.92	22.19
39.97	69	769.3	40	21.98	22	22.32	45.94	22.21
39.99	69	770.3	40	21.99	21.99	22.32	45.91	22.2
39.97	70	771.4	40	21.98	21.99	22.32	45.9	22.2
39.96	70	772.5	40	21.97	22.03	22.32	45.91	22.2
39.97	70	773.5	40	21.95	22.03	22.33	45.89	22.19
39.97	70	774.6	40	21.96	22.03	22.34	45.9	22.19
39.97	70	775.7	40	21.97	22.06	22.32	45.9	22.19
39.99	69	776.7	40	21.96	22.04	22.32	45.92	22.16
40.01	69	777.8	40	21.96	22.03	22.32	45.94	22.18
40.03	69	778.8	40	21.97	22.04	22.32	45.94	22.17
40.03	69	779.9	40	21.97	22.03	22.33	45.96	22.17
40.05	69	781	40	21.96	22.01	22.31	45.97	22.15
40.05	69	782	40	21.95	21.98	22.29	45.97	22.13
40.06	69	783.1	40	21.93	21.96	22.26	46.04	22.12
40.1	68	784.2	40	21.92	21.97	22.25	46.04	22.12
40.13	68	785.2	40	21.96	21.99	22.26	46.06	22.15
40.13	67	786.3	40	22	22.02	22.28	46.07	22.17
40.14	67	787.4	40	22	22.03	22.29	46.06	22.15
40.14	67	788.4	40	21.99	22.06	22.29	46.08	22.15
40.14	67	789.5	40	22.01	22.08	22.33	46.07	22.18
40.14	67	790.6	40	22.01	22.11	22.34	46.09	22.2
40.12	67	791.6	40	22.02	22.15	22.33	46.1	22.19
40.11	67	792.7	40	22.02	22.15	22.32	46.1	22.18
40.12	67	793.8	40	22.02	22.15	22.33	46.11	22.21
40.11	67	794.8	40	22.04	22.17	22.32	46.11	22.19
40.1	67	795.9	40	22.03	22.15	22.32	46.1	22.19
40.09	67	797	40	22.02	22.14	22.31	46.12	22.19
40.07	67	798	40	22.04	22.16	22.34	46.1	22.2
40.05	67	799.1	40	22.09	22.17	22.38	46.09	22.19
40.06	67	800.1	40	22.1	22.17	22.4	46.08	22.22
40.05	67	801.2	40	22.14	22.22	22.44	46.08	22.26
40.04	67	802.3	40	22.17	22.24	22.49	46.12	22.31
40.06	66	803.3	40	22.22	22.31	22.52	46.12	22.35
40.07	66	804.4	40	22.27	22.36	22.55	46.11	22.38
40.06	66	805.5	40	22.28	22.35	22.55	46.13	22.39
40.07	66	806.5	40	22.28	22.35	22.54	46.13	22.4
40.05	66	807.6	40	22.31	22.36	22.56	46.13	22.41
40.05	66	808.7	40	22.33	22.4	22.54	46.11	22.41
40.05	66	809.7	40	22.33	22.4	22.54	46.11	22.38
40.06	66	810.8	40	22.3	22.39	22.51	46.11	22.34
40.04	66	811.9	40	22.26	22.34	22.49	46.09	22.31
40.04	66	812.9	40	22.22	22.3	22.46	46.09	22.29
40.01	66	814	40	22.2	22.3	22.44	46.09	22.29
40.01	66	815.1	40	22.19	22.25	22.42	46.08	22.27
40.01	66	816.1	40	22.16	22.21	22.38	46.08	22.23
40	67	817.2	40	22.13	22.17	22.36	46.1	22.21
39.97	67	818.3	40	22.11	22.14	22.34	46.09	22.22
39.95	67	819.3	40	22.1	22.11	22.33	46.05	22.21
39.95	67	820.4	40	22.07	22.08	22.3	46.03	22.18
39.94	67	821.4	40	22.05	22.07	22.28	46.06	22.18
39.98	67	822.5	40	22.06	22.07	22.31	46.08	22.22
39.98	67	823.6	40	22.08	22.09	22.33	46.09	22.24
39.98	67	824.6	40	22.09	22.1	22.34	46.1	22.25
39.97	67	825.7	40	22.12	22.15	22.37	46.09	22.25
39.98	67	826.8	40	22.13	22.22	22.36	46.09	22.25
39.98	67	827.8	40	22.16	22.27	22.38	46.09	22.27
39.99	67	828.9	40	22.18	22.3	22.42	46.11	22.28
39.99	67	830	40	22.16	22.28	22.4	46.1	22.25
