Temperature	PWM	Time	Set Temperature	T1	T2	T3	T4	T5

Mode	time	PWM	Heat/Cool	K_p	K_I	Set Temp	Reset Int	Sin amplitude	Sin period
Proportional	11.7	0	1		0.0	0.0	20.0		1		0.0		60.0

Mode	time	PWM	Heat/Cool	K_p	K_I	Set Temp	Reset Int	Sin amplitude	Sin period
P/I	11.7	0	1		0.0	0.0	20.0		1		0.0		60.0

Mode	time	PWM	Heat/Cool	K_p	K_I	Set Temp	Reset Int	Sin amplitude	Sin period
P/I	15.9	0	-1		0.0	0.0	40.0		1		0.0		60.0

Mode	time	PWM	Heat/Cool	K_p	K_I	Set Temp	Reset Int	Sin amplitude	Sin period
P/I	21.4	0	1		10.0	0.0	40.0		1		0.0		60.0

Mode	time	PWM	Heat/Cool	K_p	K_I	Set Temp	Reset Int	Sin amplitude	Sin period
P/I	22.4	132	1		10.0	1.0	40.0		1		0.0		60.0

Mode	time	PWM	Heat/Cool	K_p	K_I	Set Temp	Reset Int	Sin amplitude	Sin period
P/I	27.8	231	1		10.0	1.0	40.0		0		0.0		60.0

Mode	time	PWM	Heat/Cool	K_p	K_I	Set Temp	Reset Int	Sin amplitude	Sin period
P/I	56.5	98	1		10.0	1.0	40.0		0		0.0		60.0

Mode	time	PWM	Heat/Cool	K_p	K_I	Set Temp	Reset Int	Sin amplitude	Sin period
P/I	403.4	51	1		10.0	1.0	40.0		0		0.0		60.0

Mode	time	PWM	Heat/Cool	K_p	K_I	Set Temp	Reset Int	Sin amplitude	Sin period
Manual	585.4	0	1		10.0	1.0	40.0		1		0.0		60.0

Mode	time	PWM	Heat/Cool	K_p	K_I	Set Temp	Reset Int	Sin amplitude	Sin period
Proportional	1369.7	0	1		10.0	1.0	40.0		1		0.0		60.0

Mode	time	PWM	Heat/Cool	K_p	K_I	Set Temp	Reset Int	Sin amplitude	Sin period
P/I	1375.1	149	1		10.0	1.0	40.0		1		0.0		60.0

Mode	time	PWM	Heat/Cool	K_p	K_I	Set Temp	Reset Int	Sin amplitude	Sin period
P/I	1383.7	255	-1		10.0	1.0	40.0		0		0.0		60.0

57	22.89	22.66	22.86	32.7
27.8	233	25.6	40	22.55	22.87	22.64	22.85	32.7
28.94	233	26.7	40	22.53	22.85	22.63	22.82	32.84
30.21	231	27.8	40	22.51	22.83	22.61	22.8	33.11
31.52	85	28.8	40	22.5	22.81	22.6	22.8	33.5
32.85	79	29.9	40	22.49	22.8	22.61	22.81	34.02
33.75	77	31	40	22.48	22.79	22.61	22.8	34.58
34.28	78	32	40	22.47	22.78	22.6	22.8	35.12
34.61	80	33.1	40	22.45	22.77	22.59	22.8	35.6
34.82	83	34.2	40	22.44	22.76	22.59	22.79	36.01
34.99	87	35.2	40	22.44	22.75	22.58	22.79	36.38
35.14	91	36.3	40	22.43	22.75	22.59	22.77	36.69
35.29	94	37.3	40	22.43	22.74	22.58	22.76	36.97
35.46	97	38.4	40	22.43	22.73	22.57	22.75	37.22
35.65	100	39.5	40	22.42	22.72	22.57	22.74	37.46
35.85	103	40.5	40	22.42	22.71	22.57	22.72	37.7
36.07	105	41.6	40	22.41	22.69	22.57	22.71	37.93
36.32	106	42.7	40	22.4	22.68	22.56	22.69	38.14
36.58	107	43.7	40	22.39	22.66	22.55	22.68	38.38
36.86	108	44.8	40	22.38	22.65	22.57	22.67	38.61
37.13	108	45.9	40	22.37	22.64	22.56	22.67	38.85
37.4	108	46.9	40	22.37	22.63	22.55	22.66	39.1
37.68	108	48	40	22.36	22.62	22.56	22.65	39.34
37.95	107	49.1	40	22.35	22.6	22.56	22.64	39.6
38.22	106	50.1	40	22.35	22.6	22.56	22.63	39.84
38.48	105	51.2	40	22.35	22.59	22.56	22.62	40.08
38.73	104	52.3	40	22.36	22.58	22.56	22.61	40.33
38.97	103	53.3	40	22.36	22.58	22.55	22.6	40.57
39.19	102	54.4	40	22.36	22.58	22.54	22.61	40.82
39.41	100	55.4	40	22.36	22.57	22.54	22.61	41.04
39.61	98	56.5	40	22.36	22.56	22.54	22.62	41.27
39.8	2	57.6	40	22.35	22.55	22.54	22.61	41.5
39.98	0	58.6	40	22.36	22.55	22.54	22.62	41.75
39.91	1	59.7	40	22.36	22.55	22.54	22.62	41.95
39.61	4	60.8	40	22.36	22.54	22.54	22.61	42.11
39.22	9	61.8	40	22.36	22.53	22.53	22.61	42.2
38.81	14	62.9	40	22.36	22.52	22.52	22.61	42.23
38.41	20	63.9	40	22.36	22.52	22.53	22.6	42.2
38.05	26	65	40	22.36	22.51	22.52	22.6	42.14
37.73	32	66.1	40	22.37	22.5	22.52	22.61	42.06
37.45	37	67.1	40	22.37	22.49	22.52	22.61	41.96
37.24	42	68.2	40	22.36	22.49	22.52	22.62	41.87
37.07	47	69.2	40	22.37	22.48	22.53	22.61	41.78
36.96	51	70.3	40	22.37	22.48	22.53	22.62	41.7
36.89	55	71.4	40	22.37	22.49	22.53	22.62	41.62
36.86	59	72.4	40	22.38	22.49	22.53	22.61	41.56
36.86	62	73.5	40	22.39	22.5	22.52	22.61	41.52
36.89	65	74.6	40	22.39	22.51	22.52	22.6	41.49
36.95	68	75.6	40	22.39	22.51	22.51	22.6	41.48
37.03	70	76.7	40	22.39	22.52	22.51	22.6	41.48
37.12	72	77.7	40	22.39	22.52	22.51	22.6	41.5
37.23	74	78.8	40	22.39	22.53	22.51	22.59	41.53
37.35	76	79.9	40	22.4	22.54	22.51	22.58	41.58
37.48	77	80.9	40	22.4	22.55	22.52	22.58	41.63
37.61	78	82	40	22.4	22.55	22.52	22.58	41.7
37.76	79	83	40	22.4	22.56	22.53	22.57	41.78
37.9	80	84.1	40	22.41	22.57	22.53	22.57	41.86
38.05	81	85.2	40	22.41	22.59	22.53	22.56	41.94
38.19	81	86.2	40	22.42	22.6	22.52	22.56	42.04
38.34	81	87.3	40	22.42	22.59	22.52	22.57	42.14
38.48	82	88.4	40	22.43	22.58	22.52	22.56	42.24
38.61	82	89.4	40	22.44	22.58	22.52	22.56	42.34
38.75	82	90.5	40	22.45	22.59	22.52	22.56	42.44
38.88	82	91.5	40	22.45	22.59	22.51	22.58	42.55
39.02	81	92.6	40	22.45	22.6	22.51	22.6	42.65
39.14	81	93.7	40	22.46	22.6	22.51	22.62	42.76
39.26	81	94.7	40	22.47	22.61	22.51	22.61	42.87
39.38	80	95.8	40	22.47	22.61	22.51	22.61	42.98
39.48	80	96.9	40	22.47	22.62	22.51	22.6	43.08
39.59	79	97.9	40	22.47	22.62	22.51	22.59	43.18
39.68	78	99	40	22.47	22.63	22.51	22.58	43.29
39.78	78	100	40	22.48	22.64	22.51	22.58	43.39
39.86	77	101.1	40	22.49	22.65	22.5	22.57	43.49
39.93	76	102.2	40	22.51	22.66	22.51	22.57	43.58
40	76	103.2	40	22.51	22.66	22.51	22.56	43.67
40.07	75	104.3	40	22.52	22.68	22.51	22.56	43.77
40.13	74	105.4	40	22.52	22.69	22.52	22.57	43.86
40.19	73	106.4	40	22.53	22.69	22.51	22.58	43.94
40.24	72	107.5	40	22.53	22.7	22.52	22.58	44.02
40.28	72	108.6	40	22.53	22.69	22.52	22.58	44.1
40.31	71	109.6	40	22.52	22.68	22.52	22.58	44.17
40.35	70	110.7	40	22.51	22.67	22.53	22.58	44.25
40.38	70	111.8	40	22.5	22.66	22.52	22.58	44.32
40.4	69	112.8	40	22.5	22.64	22.52	22.58	44.38
40.42	68	113.9	40	22.49	22.62	22.52	22.58	44.45
40.44	68	114.9	40	22.48	22.61	22.52	22.58	44.5
40.45	67	116	40	22.48	22.6	22.53	22.57	44.56
40.45	67	117.1	40	22.47	22.6	22.51	22.58	44.61
40.47	66	118.1	40	22.47	22.59	22.53	22.58	44.65
40.46	66	119.2	40	22.47	22.59	22.53	22.59	44.7
40.47	65	120.3	40	22.47	22.58	22.53	22.59	44.74
40.47	65	121.3	40	22.48	22.59	22.53	22.6	44.78
40.47	64	122.4	40	22.48	22.59	22.53	22.6	44.81
40.46	64	123.5	40	22.5	22.6	22.53	22.6	44.84
40.45	63	124.5	40	22.51	22.61	22.53	22.59	44.88
40.43	63	125.6	40	22.51	22.62	22.54	22.6	44.91
40.43	63	126.7	40	22.52	22.63	22.53	22.6	44.93
40.42	62	127.7	40	22.53	22.64	22.54	22.61	44.95
40.4	62	128.8	40	22.54	22.64	22.54	22.63	44.96
40.39	62	129.9	40	22.54	22.65	22.55	22.63	44.99
40.38	61	130.9	40	22.54	22.67	22.55	22.63	45
40.36	61	132	40	22.53	22.67	22.55	22.64	45.02
40.34	61	133.1	40	22.53	22.67	22.55	22.64	45.03
40.33	61	134.1	40	22.54	22.68	22.55	22.63	45.05
40.31	61	135.2	40	22.53	22.68	22.54	22.62	45.07
40.29	60	136.2	40	22.52	22.68	22.54	22.61	45.08
40.27	60	137.3	40	22.51	22.67	22.54	22.61	45.09
40.25	60	138.4	40	22.5	22.67	22.54	22.63	45.1
40.23	60	139.4	40	22.5	22.67	22.54	22.64	45.11
40.22	60	140.5	40	22.49	22.67	22.54	22.65	45.12
40.2	60	141.6	40	22.49	22.67	22.54	22.65	45.14
40.18	60	142.6	40	22.49	22.67	22.54	22.66	45.14
40.16	60	143.7	40	22.48	22.66	22.54	22.66	45.14
40.14	60	144.8	40	22.47	22.65	22.55	22.66	45.15
40.13	60	145.8	40	22.47	22.65	22.55	22.66	45.15
40.11	60	146.9	40	22.47	22.64	22.55	22.65	45.15
40.1	60	148	40	22.47	22.63	22.54	22.64	45.16
40.09	60	149	40	22.47	22.63	22.55	22.64	45.16
40.07	60	150.1	40	22.47	22.62	22.55	22.64	45.16
40.06	60	151.2	40	22.46	22.62	22.54	22.65	45.16
40.05	61	152.2	40	22.46	22.61	22.54	22.66	45.16
40.04	61	153.3	40	22.46	22.6	22.55	22.67	45.16
40.03	61	154.4	40	22.45	22.59	22.55	22.68	45.17
40.02	61	155.4	40	22.45	22.59	22.54	22.68	45.17
40.02	61	156.5	40	22.45	22.6	22.54	22.68	45.16
40.01	61	157.5	40	22.47	22.63	22.54	22.67	45.19
40.02	61	158.6	40	22.48	22.63	22.54	22.66	45.18
40.02	61	159.7	40	22.49	22.64	22.54	22.66	45.19
40.02	61	160.7	40	22.49	22.64	22.55	22.67	45.18
40.02	61	161.8	40	22.5	22.66	22.55	22.68	45.19
40.01	61	162.9	40	22.51	22.67	22.55	22.7	45.2
40.01	61	163.9	40	22.52	22.67	22.56	22.72	45.21
40	61	165	40	22.53	22.68	22.56	22.74	45.22
40.01	61	166.1	40	22.54	22.69	22.57	22.75	45.22
40.01	61	167.1	40	22.54	22.69	22.57	22.76	45.23
40.01	61	168.2	40	22.54	22.67	22.57	22.76	45.23
40	61	169.3	40	22.55	22.67	22.57	22.77	45.23
40	61	170.3	40	22.55	22.68	22.57	22.78	45.24
40	61	171.4	40	22.55	22.69	22.57	22.77	45.24
40	61	172.5	40	22.54	22.71	22.57	22.76	45.24
40	61	173.5	40	22.54	22.71	22.57	22.75	45.25
40	61	174.6	40	22.53	22.7	22.57	22.73	45.25
40	61	175.6	40	22.53	22.7	22.57	22.72	45.26
39.99	61	176.7	40	22.52	22.69	22.56	22.71	45.26
39.99	61	177.8	40	22.52	22.69	22.56	22.7	45.28
39.99	61	178.8	40	22.52	22.68	22.56	22.68	45.29
39.98	61	179.9	40	22.52	22.68	22.57	22.68	45.29
39.99	61	181	40	22.52	22.68	22.56	22.68	45.3
39.99	61	182	40	22.52	22.67	22.56	22.68	45.31
40	61	183.1	40	22.51	22.66	22.55	22.67	45.32
39.98	61	184.2	40	22.5	22.66	22.55	22.67	45.33
39.99	61	185.2	40	22.49	22.65	22.56	22.66	45.34
39.99	61	186.3	40	22.48	22.64	22.55	22.65	45.34
39.99	61	187.4	40	22.46	22.62	22.55	22.65	45.35
39.99	61	188.4	40	22.45	22.62	22.55	22.65	45.36
39.98	61	189.5	40	22.45	22.61	22.54	22.67	45.37
39.99	61	190.5	40	22.44	22.6	22.55	22.68	45.37
40	61	191.6	40	22.44	22.6	22.55	22.68	45.37
39.99	61	192.7	40	22.44	22.6	22.54	22.69	45.39
39.99	61	193.7	40	22.44	22.61	22.55	22.69	45.4
40	61	194.8	40	22.44	22.63	22.54	22.69	45.4
39.99	61	195.9	40	22.44	22.64	22.55	22.71	45.41
39.98	61	196.9	40	22.45	22.64	22.54	22.72	45.42
39.99	61	198	40	22.44	22.64	22.55	22.72	45.42
39.99	61	199.1	40	22.44	22.64	22.55	22.71	45.42
40	61	200.1	40	22.43	22.63	22.56	22.7	45.43
39.99	61	201.2	40	22.44	22.63	22.56	22.7	45.43
39.99	61	202.3	40	22.44	22.64	22.56	22.69	45.44
40	61	203.3	40	22.44	22.64	22.55	22.68	45.45
40	61	204.4	40	22.44	22.63	22.55	22.68	45.46
39.99	61	205.4	40	22.44	22.64	22.55	22.68	45.47
40	61	206.5	40	22.45	22.64	22.56	22.69	45.11
40	61	207.6	40	22.46	22.63	22.58	22.69	43.5
40	61	208.6	40	22.46	22.67	22.59	22.69	42
40	61	209.7	40	22.46	22.68	22.59	22.68	40.63
40.01	61	210.8	40	22.48	22.79	22.6	22.66	39.13
40	61	211.8	40	22.5	22.87	22.6	22.65	37.66
40	61	212.9	40	22.52	22.88	22.62	22.64	36.46
40	61	214	40	22.53	22.87	22.66	22.63	35.37
39.99	61	215	40	20.42	21.64	20.72	21.33	32.45
37.92	84	216.1	40	21.41	21.74	21.53	21.54	31.8
38.05	85	217.2	40	21.47	21.78	21.58	21.64	31.07
38.22	85	218.2	40	21.51	21.81	21.61	22.16	30.41
38.3	86	219.3	40	21.52	21.8	21.62	24.82	29.77
38.43	86	220.3	40	21.53	21.82	21.62	29.14	29.12
38.56	87	221.4	40	21.53	21.78	21.61	32.96	28.55
38.66	87	222.5	40	21.51	21.78	21.57	36.11	28.13
38.73	88	223.5	40	21.5	21.76	21.59	38.43	27.72
38.91	87	224.6	40	21.53	21.77	21.6	39.95	27.32
38.97	88	225.7	40	21.5	21.75	21.57	41.05	26.97
39.11	87	226.7	40	21.53	21.76	21.57	42.01	26.61
39.22	87	227.8	40	21.54	21.74	21.56	42.69	26.3
39.34	86	228.9	40	21.54	21.73	21.55	43.18	26
39.44	86	229.9	40	21.56	21.72	21.54	43.53	25.72
39.53	86	231	40	21.55	21.7	21.52	43.8	25.44
39.61	85	232	40	21.55	21.69	21.52	44.03	25.19
39.72	84	233.1	40	21.55	21.68	21.51	44.2	24.95
39.77	84	234.2	40	21.54	21.67	21.49	44.32	24.76
39.83	84	235.2	40	21.53	21.65	21.48	44.45	24.58
39.91	83	236.3	40	21.52	21.64	21.47	44.55	24.42
39.97	82	237.4	40	21.52	21.63	21.47	44.65	24.24
40.03	82	238.4	40	21.52	21.63	21.46	44.74	24.09
40.06	81	239.5	40	21.51	21.62	21.46	44.81	23.97
40.13	81	240.6	40	21.51	21.61	21.46	44.89	23.82
40.17	80	241.6	40	21.49	21.6	21.45	44.94	23.67
40.21	79	242.7	40	21.49	21.6	21.45	44.99	23.53
40.21	79	243.8	40	21.48	21.6	21.44	45.05	23.4
40.26	78	244.8	40	21.48	21.59	21.44	45.09	23.28
40.27	78	245.9	40	21.47	21.6	21.45	45.13	23.18
40.29	77	247	40	21.46	21.61	21.45	45.17	23.07
40.32	77	248	40	21.46	21.63	21.45	45.21	22.97
40.32	76	249.1	40	21.43	21.63	21.43	45.22	22.87
40.29	76	250.1	40	21.4	21.64	21.42	45.23	22.78
40.29	76	251.2	40	21.38	21.62	21.41	45.25	22.7
40.32	76	252.3	40	21.37	21.61	21.42	45.27	22.61
40.32	75	253.3	40	21.36	21.59	21.41	45.31	22.55
40.31	75	254.4	40	21.33	21.58	21.4	45.31	22.46
40.3	75	255.5	40	21.32	21.56	21.4	45.32	22.38
40.28	75	256.5	40	21.3	21.54	21.38	45.3	22.27
40.22	75	257.6	40	21.27	21.5	21.34	45.26	22.18
40.19	75	258.7	40	21.26	21.47	21.32	45.23	22.07
40.12	76	259.7	40	21.21	21.45	21.3	45.19	21.99
40.06	76	260.8	40	21.16	21.4	21.27	45.09	21.87
39.95	77	261.9	40	21.11	21.35	21.2	44.97	21.77
39.93	78	262.9	40	21.09	21.35	21.2	44.98	21.71
39.83	79	264	40	21.02	21.27	21.1	44.78	21.55
39.75	80	265.1	40	20.97	21.26	21.11	44.94	21.64
40.04	77	266.1	40	21.12	21.41	21.26	45.33	21.76
40.31	74	267.2	40	21.22	21.51	21.33	45.46	21.73
40.33	73	268.2	40	21.22	21.52	21.31	45.48	21.69
40.35	73	269.3	40	21.22	21.52	21.3	45.5	21.66
40.34	72	270.4	40	21.22	21.51	21.3	45.53	21.64
40.34	72	271.4	40	21.21	21.5	21.29	45.57	21.62
40.35	72	272.5	40	21.21	21.5	21.28	45.58	21.6
40.32	72	273.6	40	21.19	21.49	21.27	45.58	21.56
40.29	72	274.6	40	21.18	21.49	21.27	45.59	21.55
40.28	71	275.7	40	21.18	21.49	21.26	45.59	21.54
40.28	71	276.8	40	21.19	21.49	21.25	45.59	21.51
40.23	71	277.8	40	21.15	21.46	21.21	45.51	21.47
40.08	73	278.9	40	21.09	21.4	21.14	45.3	21.39
39.91	75	280	40	21	21.31	21.09	45.23	21.4
39.95	74	281	40	21.03	21.31	21.07	45.17	21.34
39.85	75	282.1	40	20.96	21.23	21.03	45.13	21.3
39.7	77	283.2	40	20.91	21.19	20.99	45.06	21.27
39.78	77	284.2	40	20.93	21.19	20.99	45.07	21.25
39.76	77	285.3	40	20.92	21.17	20.98	45.05	21.22
39.77	77	286.3	40	20.91	21.17	20.98	45.05	21.2
39.81	77	287.4	40	20.91	21.17	20.98	45.08	21.19
39.84	77	288.5	40	20.91	21.18	20.97	45.09	21.18
39.82	77	289.5	40	20.89	21.17	20.96	45.08	21.2
39.83	77	290.6	40	20.87	21.15	20.94	45.06	21.23
39.83	78	291.7	40	20.85	21.13	20.93	45.04	21.24
39.82	78	292.7	40	20.83	21.11	20.91	45.06	21.3
39.85	78	293.8	40	20.83	21.11	20.92	45.09	21.36
39.88	78	294.9	40	20.84	21.1	20.91	45.09	21.35
39.86	78	295.9	40	20.8	21.07	20.87	45.06	21.31
39.85	78	297	40	20.79	21.06	20.86	45.06	21.34
39.86	78	298.1	40	20.78	21.04	20.84	45.06	21.34
39.84	79	299.1	40	20.76	21.02	20.83	45.03	21.32
39.82	79	300.2	40	20.74	21	20.81	45	21.28
39.79	80	301.2	40	20.69	20.96	20.78	44.93	21.22
39.71	81	302.3	40	20.63	20.93	20.74	44.85	21.19
39.7	81	303.4	40	20.62	20.92	20.74	44.88	21.17
39.76	81	304.4	40	20.62	20.93	20.72	44.88	21.14
39.74	81	305.5	40	20.6	20.94	20.71	44.86	21.1
39.8	81	306.6	40	20.61	20.97	20.73	44.96	21.1
39.86	80	307.6	40	20.63	20.98	20.72	44.96	21.09
39.85	81	308.7	40	20.6	20.98	20.73	45	21.12
39.82	81	309.8	40	20.57	20.94	20.78	45.33	21.19
39.9	80	310.8	40	20.93	21.46	21.28	46.41	21.75
41.1	67	311.9	40	21.21	21.57	21.32	46.47	21.76
41.18	65	312.9	40	21.25	21.58	21.34	46.58	21.78
41.2	64	314	40	21.25	21.58	21.34	46.61	21.8
41.2	62	315.1	40	21.27	21.6	21.35	46.68	21.84
41.14	62	316.1	40	21.26	21.59	21.35	46.67	21.87
41.05	62	317.2	40	21.26	21.58	21.34	46.66	21.9
41	61	318.3	40	21.27	21.59	21.34	46.66	21.94
40.91	61	319.3	40	21.25	21.58	21.33	46.6	21.94
40.81	61	320.4	40	21.24	21.58	21.31	46.58	21.92
40.74	61	321.5	40	21.24	21.56	21.3	46.52	21.87
40.63	61	322.5	40	21.22	21.53	21.28	46.44	21.86
40.5	62	323.6	40	21.2	22.39	22.75	50.6	23.56
43.85	25	324.7	40	22.99	23.3	23.05	50.69	23.67
43.63	23	325.7	40	22.87	23.23	22.98	50.18	23.62
43.76	18	326.8	40	24.21	24.75	25.36	51.78	25.37
43.38	18	327.9	40	23.05	23.29	22.94	50.07	23.53
42.82	20	328.9	40	22.91	23.34	23	50	23.59
42.54	21	330	40	22.84	23.23	22.92	49.95	23.63
42.6	17	331.1	40	22.94	23.23	22.91	47.75	23.19
38.12	64	332.1	40	20.77	21.13	20.85	44.26	21.44
38.87	58	333.2	40	21.29	21.67	21.39	45.83	22.03
38.69	61	334.2	40	21.27	21.67	21.35	45.56	21.99
38.54	64	335.3	40	21.23	21.64	21.34	45.43	22.01
38.51	66	336.4	40	21.22	21.64	21.33	45.31	22.03
38.51	67	337.4	40	21.22	21.64	21.31	45.2	22.07
38.53	69	338.5	40	21.22	21.62	21.31	45.15	22.07
38.57	70	339.6	40	21.21	21.6	21.31	45.08	22.08
38.62	71	340.6	40	21.21	21.59	21.29	45.03	22.09
38.67	72	341.7	40	21.2	21.57	21.29	45.02	22.09
38.72	73	342.8	40	21.2	21.56	21.28	44.99	22.08
38.77	73	343.8	40	21.19	21.54	21.29	44.98	22.1
38.84	74	344.9	40	21.19	21.53	21.27	44.98	22.12
38.9	75	346	40	21.18	21.52	21.27	44.97	22.13
38.94	75	347	40	21.17	21.51	21.26	44.98	22.15
39.02	76	348.1	40	21.17	21.5	21.27	44.99	22.18
39.07	76	349.1	40	21.17	21.5	21.26	45	22.15
39.14	76	350.2	40	21.18	21.51	21.27	45.03	22.15
39.2	76	351.3	40	21.18	21.5	21.26	45.05	22.14
39.26	77	352.3	40	21.18	21.5	21.26	45.06	22.14
39.31	77	353.4	40	21.18	21.49	21.25	45.09	22.12
39.36	77	354.5	40	21.17	21.49	21.25	45.12	22.12
39.4	77	355.5	40	21.18	21.49	21.25	45.14	22.11
39.46	77	356.6	40	21.19	21.5	21.25	45.15	22.11
39.51	77	357.7	40	21.19	21.5	21.24	45.19	22.11
39.56	77	358.7	40	21.2	21.5	21.24	45.22	22.11
39.6	77	359.8	40	21.21	21.51	21.25	45.25	22.13
39.65	77	360.8	40	21.22	21.51	21.25	45.29	22.13
39.68	77	361.9	40	21.22	21.51	21.25	45.33	22.13
39.73	77	363	40	21.23	21.52	21.26	45.36	22.12
39.77	77	364	40	21.24	21.52	21.26	45.4	22.08
39.8	77	365.1	40	21.25	21.52	21.27	45.43	22.05
39.84	77	366.2	40	21.25	21.52	21.27	45.46	22.03
39.87	76	367.2	40	21.26	21.52	21.27	45.49	22.02
39.92	76	368.3	40	21.26	21.51	21.26	45.52	22.03
39.94	76	369.4	40	21.25	21.51	21.26	45.54	22.04
39.97	76	370.4	40	21.25	21.51	21.27	45.57	22.01
41.02	64	371.5	40	22.7	22.72	22.87	49.64	23.6
43.28	38	372.6	40	23.03	23.84	23.06	49.37	23.73
42.77	40	373.6	40	22.82	23.64	22.82	49.07	23.6
43.11	33	374.7	40	22.96	24.14	23.44	49.74	23.66
41.62	46	375.7	40	22.2	23.09	22.17	47.83	22.99
42.3	37	376.8	40	22.69	23.67	22.74	49.34	23.54
42.49	33	377.9	40	22.87	23.92	22.9	49.6	23.73
42.52	30	378.9	40	22.93	23.88	22.93	49.61	23.73
42.34	29	380	40	22.93	23.82	22.94	49.36	22.95
40.85	43	381.1	40	22.29	23.05	22.24	47.73	23.39
40.91	41	382.1	40	22.48	23.21	22.49	47.79	23.14
41.44	35	383.2	40	22.83	23.5	22.85	48.92	23.7
41.5	32	384.3	40	22.91	23.54	22.92	49.03	23.81
41.35	32	385.3	40	22.91	23.49	22.92	48.88	23.78
41.2	33	386.4	40	22.92	23.46	22.93	48.78	23.74
41.03	33	387.5	40	22.93	23.42	22.93	48.66	23.71
40.87	34	388.5	40	22.86	23.28	22.84	48.36	23.46
40.52	37	389.6	40	22.83	23.26	22.81	48.18	23.63
40.38	38	390.7	40	22.82	23.1	22.59	47.48	23.41
39.83	44	391.7	40	22.59	22.98	22.59	47.37	23.43
39.51	47	392.8	40	22.48	22.86	22.49	47.03	23.32
39.44	49	393.8	40	22.49	22.88	22.57	47.09	23.41
39.83	45	394.9	40	22.74	23.12	22.78	47.41	23.61
39.77	46	396	40	22.73	23.09	22.77	47.34	23.61
39.73	46	397	40	22.74	23.08	22.77	47.26	23.6
39.68	47	398.1	40	22.75	23.09	22.78	47.19	23.59
39.63	48	399.2	40	22.76	23.09	22.78	47.12	23.57
39.59	49	400.2	40	22.77	23.09	22.78	47.05	23.55
39.56	50	401.3	40	22.78	23.08	22.79	47	23.5
39.52	51	402.4	40	22.78	23.06	22.78	46.93	23.48
39.49	51	403.4	40	22.78	23.05	22.79	46.88	23.52
39.47	5	404.5	40	22.78	23.04	22.79	46.83	23.55
39.46	6	405.6	40	22.78	23.04	22.8	46.79	23.58
39.33	8	406.6	40	22.78	23.04	22.8	46.74	23.59
39.1	11	407.7	40	22.77	23.03	22.8	46.67	23.63
38.84	15	408.7	40	22.76	23.02	22.8	46.56	23.64
38.57	19	409.8	40	22.75	23.02	22.79	46.43	23.61
38.33	24	410.9	40	22.75	23.02	22.79	46.29	23.6
38.1	28	411.9	40	22.74	23.01	22.79	46.12	23.58
37.91	32	413	40	22.74	23.01	22.79	45.96	23.54
37.4	40	414.1	40	22.79	23.6	22.96	46.17	23.77
37.89	37	415.1	40	22.91	23.72	22.97	46.02	23.79
37.7	42	416.2	40	22.64	23.47	22.67	45.21	23.46
37.19	50	417.2	40	22.63	23.57	22.6	44.21	23.11
37.28	52	418.3	40	22.8	24	22.93	45.41	23.83
37.45	53	419.4	40	22.85	23.95	22.93	45.31	23.83
37.52	54	420.4	40	22.86	23.89	22.92	45.25	23.84
37.58	56	421.5	40	22.86	23.82	22.92	45.19	23.85
37.62	59	422.6	40	22.87	23.75	22.91	45.15	23.84
37.67	61	423.6	40	22.87	23.68	22.91	45.12	23.84
37.74	62	424.7	40	22.88	23.6	22.9	45.1	23.81
37.79	64	425.8	40	22.87	23.53	22.9	45.08	23.79
37.86	66	426.8	40	22.87	23.47	22.89	45.08	23.76
37.97	67	427.9	40	22.86	23.42	22.88	45.08	23.75
38.09	68	429	40	22.86	23.37	22.88	45.09	23.74
38.19	69	430	40	22.86	23.33	22.87	45.12	23.74
38.3	69	431.1	40	22.85	23.29	22.87	45.14	23.72
38.42	70	432.1	40	22.86	23.26	22.86	45.18	23.72
38.53	70	433.2	40	22.86	23.24	22.86	45.22	23.73
38.64	71	434.3	40	22.87	23.22	22.86	45.26	23.74
38.74	71	435.3	40	22.87	23.21	22.86	45.31	23.75
38.85	71	436.4	40	22.87	23.19	22.87	45.37	23.75
38.95	71	437.5	40	22.87	23.18	22.87	45.43	23.72
39.05	71	438.5	40	22.88	23.17	22.87	45.48	23.7
39.15	71	439.6	40	22.88	23.17	22.86	45.54	23.7
39.24	71	440.7	40	22.89	23.18	22.87	45.6	23.69
39.32	71	441.7	40	22.9	23.19	22.87	45.66	23.69
39.41	71	442.8	40	22.91	23.2	22.87	45.72	23.69
39.48	70	443.8	40	22.92	23.21	22.87	45.78	23.7
39.55	70	444.9	40	22.92	23.2	22.86	45.83	23.71
39.62	70	446	40	22.92	23.19	22.86	45.89	23.7
39.69	70	447	40	22.92	23.17	22.86	45.94	23.72
39.76	69	448.1	40	22.91	23.14	22.85	45.99	23.7
39.82	69	449.2	40	22.91	23.13	22.85	46.05	23.7
39.88	68	450.2	40	22.9	23.12	22.85	46.11	23.7
39.93	68	451.3	40	22.9	23.12	22.85	46.15	23.7
39.98	67	452.4	40	22.89	23.11	22.85	46.2	23.72
40.03	67	453.4	40	22.89	23.11	22.86	46.25	23.73
40.07	66	454.5	40	22.89	23.11	22.86	46.3	23.72
40.1	66	455.6	40	22.9	23.11	22.85	46.34	23.71
40.14	65	456.6	40	22.9	23.11	22.85	46.38	23.7
40.17	65	457.7	40	22.9	23.12	22.84	46.42	23.71
40.2	64	458.7	40	22.9	23.12	22.84	46.46	23.72
40.22	64	459.8	40	22.9	23.12	22.84	46.49	23.72
40.24	64	460.9	40	22.89	23.12	22.84	46.52	23.71
40.25	63	461.9	40	22.87	23.11	22.85	46.55	23.68
40.27	63	463	40	22.87	23.1	22.85	46.58	23.64
40.28	62	464.1	40	22.86	23.09	22.85	46.6	23.61
40.29	62	465.1	40	22.86	23.09	22.85	46.62	23.6
40.3	61	466.2	40	22.86	23.08	22.85	46.65	23.63
40.3	61	467.3	40	22.85	23.08	22.86	46.67	23.64
40.3	61	468.3	40	22.85	23.08	22.85	46.69	23.61
40.3	60	469.4	40	22.85	23.09	22.84	46.7	23.54
40.3	60	470.5	40	22.85	23.1	22.84	46.7	23.5
40.29	60	471.5	40	22.85	23.1	22.85	46.71	23.48
40.29	60	472.6	40	22.85	23.09	22.85	46.72	23.46
40.28	59	473.7	40	22.85	23.09	22.85	46.72	23.47
40.27	59	474.7	40	22.85	23.09	22.86	46.73	23.51
40.26	59	475.8	40	22.85	23.09	22.86	46.73	23.53
40.26	59	476.9	40	22.85	23.09	22.86	46.74	23.56
40.25	59	477.9	40	22.86	23.09	22.85	46.75	23.57
40.24	58	479	40	22.86	23.09	22.85	46.74	23.56
40.23	58	480	40	22.86	23.09	22.85	46.74	23.55
40.22	58	481.1	40	22.86	23.09	22.85	46.75	23.54
40.21	58	482.2	40	22.86	23.08	22.86	46.75	23.54
40.19	58	483.2	40	22.86	23.08	22.86	46.74	23.55
40.18	58	484.3	40	22.86	23.07	22.86	46.75	23.56
40.17	58	485.4	40	22.86	23.08	22.86	46.74	23.59
40.15	58	486.4	40	22.86	23.07	22.86	46.75	23.65
40.14	58	487.5	40	22.86	23.07	22.85	46.74	23.66
40.13	58	488.6	40	22.85	23.07	22.86	46.73	23.66
40.12	58	489.6	40	22.85	23.07	22.86	46.72	23.7
40.1	58	490.7	40	22.86	23.07	22.85	46.72	23.76
40.1	58	491.8	40	22.86	23.08	22.87	46.7	23.74
40.09	58	492.8	40	22.87	23.08	22.88	46.7	23.74
40.08	58	493.9	40	22.87	23.08	22.88	46.68	23.74
40.07	58	495	40	22.89	23.1	22.88	46.69	23.75
40.06	58	496	40	22.93	23.15	22.88	46.61	23.74
28.32	188	497.1	40	22.98	23.18	22.88	46.54	23.73
40.21	69	498.2	40	23	23.26	22.87	46.65	23.72
40.06	70	499.2	40	22.86	23.23	22.72	46.32	23.46
40.63	64	500.3	40	23.04	23.36	22.84	46.95	23.65
220.17	-255	501.3	40	23.03	23.37	22.85	47.03	23.66
212.72	-255	502.4	40	23	23.35	22.83	47.09	23.65
213.08	-255	503.5	40	22.99	23.33	22.83	47.15	23.67
213.24	-255	504.6	40	22.98	23.31	22.84	47.1	23.69
212.27	-0	505.6	40	22.96	23.29	22.84	46.91	23.71
221.94	-0	506.7	40	22.97	23.28	22.86	46.64	23.74
221.96	-0	507.8	40	22.97	23.26	22.86	46.23	23.73
222.32	-0	508.9	40	22.95	23.25	22.86	45.82	23.71
222.14	-0	510	40	22.95	23.24	22.86	45.43	23.7
222.65	-0	511	40	22.94	23.23	22.85	45.09	23.72
221.85	-0	512.1	40	22.93	23.22	22.85	44.78	23.73
221.04	-0	513.2	40	22.93	23.23	22.85	44.51	23.7
221.67	-0	514.3	40	22.92	23.23	22.85	44.25	23.69
222.09	-0	515.3	40	22.92	23.23	22.86	44.01	23.68
221.47	-0	516.4	40	22.91	23.22	22.86	43.78	23.65
221.41	-0	517.5	40	22.91	23.22	22.86	43.56	23.61
221.5	-0	518.6	40	22.91	23.21	22.86	43.34	23.55
222.05	-0	519.7	40	22.9	23.21	22.86	43.13	23.52
222	-0	520.7	40	22.91	23.21	22.86	42.93	23.52
221.8	-0	521.8	40	22.91	23.2	22.85	42.73	23.52
222.07	-0	522.9	40	22.91	23.19	22.84	42.53	23.54
221.63	-0	524	40	22.9	23.18	22.85	42.34	23.54
222	-0	525	40	22.89	23.18	22.84	42.14	23.53
221.69	-0	526.1	40	22.88	23.17	22.83	41.95	23.5
222.2	-0	527.2	40	22.88	23.16	22.82	41.76	23.45
222.03	-0	528.3	40	22.87	23.16	22.81	41.57	23.41
221.04	-0	529.4	40	22.86	23.15	22.81	41.39	23.38
222.09	-0	530.4	40	22.85	23.14	22.8	41.21	23.36
221.52	-0	531.5	40	22.85	23.14	22.8	41.03	23.37
221.65	-0	532.6	40	22.84	23.13	22.8	40.85	23.37
221.58	-0	533.7	40	22.84	23.13	22.8	40.68	23.35
222.07	-0	534.7	40	22.83	23.12	22.8	40.5	23.36
222.34	-0	535.8	40	22.83	23.12	22.8	40.34	23.37
221.92	-0	536.9	40	22.82	23.11	22.81	40.17	23.35
220.03	-0	538	40	22.82	23.11	22.81	40	23.33
221.61	-0	539.1	40	22.82	23.12	22.82	39.84	23.34
221.72	-0	540.1	40	22.82	23.12	22.82	39.68	23.38
221.87	-0	541.2	40	22.82	23.12	22.82	39.52	23.4
222.65	-0	542.3	40	22.82	23.13	22.82	39.36	23.41
221.5	-0	543.4	40	22.82	23.16	22.82	39.21	23.43
220.71	-0	544.5	40	22.82	23.23	22.82	39.05	23.41
221.78	-0	545.5	40	22.83	23.25	22.82	38.9	23.42
219.98	-0	546.6	40	22.83	23.26	22.82	38.75	23.42
221.08	-0	547.7	40	22.83	23.28	22.83	38.6	23.43
220.26	-0	548.8	40	22.84	23.28	22.82	38.45	23.48
220.62	-0	549.8	40	22.86	23.28	22.82	38.31	23.51
219.62	-0	550.9	40	22.86	23.28	22.82	38.16	23.52
220.43	-0	552	40	22.87	23.27	22.84	38.05	23.55
237.12	-0	553.1	40	22.9	23.29	22.84	37.91	23.54
236.9	-0	554.2	40	22.92	23.31	22.84	37.77	23.56
234.62	-0	555.2	40	22.93	23.32	22.84	37.63	23.56
234.7	-0	556.3	40	22.95	23.34	22.83	37.5	23.53
234.62	-0	557.4	40	22.96	23.36	22.84	37.37	23.5
233.83	-0	558.5	40	22.98	23.37	22.84	37.23	23.5
233.63	-0	559.5	40	22.99	23.39	22.83	37.1	23.49
233.63	-0	560.6	40	22.99	23.39	22.82	36.97	23.5
233.83	-0	561.7	40	23	23.39	22.82	36.85	23.48
232.52	-0	562.8	40	23.01	23.4	22.81	36.72	23.46
231.58	-0	563.9	40	23.01	23.4	22.81	36.59	23.43
230.84	-0	564.9	40	23.02	23.4	22.81	36.46	23.4
231.5	-0	566	40	23.02	23.4	22.81	36.34	23.47
230.17	-0	567.1	40	23.03	23.4	22.81	36.22	23.52
230.12	-0	568.2	40	23.03	23.41	22.81	36.1	23.52
229.67	-0	569.2	40	23.04	23.41	22.8	35.99	23.51
230.09	-0	570.3	40	23.04	23.41	22.8	35.87	23.5
229.67	-0	571.4	40	23.04	23.41	22.81	35.75	23.5
229.62	-0	572.5	40	23.05	23.41	22.82	35.64	23.5
230.01	-0	573.6	40	23.05	23.41	22.82	35.54	23.52
228.78	-0	574.6	40	23.05	23.41	22.81	35.43	23.53
228.19	-0	575.7	40	23.06	23.41	22.81	35.32	23.54
229.09	-0	576.8	40	23.06	23.4	22.8	35.22	23.54
228.4	-0	577.9	40	23.06	23.4	22.8	35.11	23.56
228.17	-0	579	40	23.06	23.4	22.81	35.01	23.57
228.01	-0	580	40	23.06	23.39	22.81	34.91	23.56
229.43	-0	581.1	40	23.06	23.39	22.82	34.81	23.56
228.47	-0	582.2	40	23.06	23.39	22.82	34.7	23.54
227.58	-0	583.3	40	23.06	23.38	22.82	34.6	23.49
227.46	-0	584.3	40	23.06	23.38	22.82	34.5	23.47
227.01	-0	585.4	40	23.06	23.38	22.81	34.41	23.48
227.63	-0	586.5	40	23.06	23.37	22.82	34.31	23.49
227.71	-0	587.6	40	23.06	23.37	22.82	34.21	23.49
226.93	-0	588.7	40	23.06	23.37	22.81	34.11	23.5
227.58	-0	589.7	40	23.05	23.35	22.79	33.99	23.49
395.96	-0	590.8	40	23.09	23.39	22.83	33.97	23.53
348.2	-0	591.9	40	23.07	23.38	22.83	33.88	23.55
596.75	-0	593	40	23.1	23.39	22.83	33.8	23.54
593.26	-0	594	40	23.1	23.39	22.84	33.71	23.58
356.05	-0	595.1	40	23.1	23.37	22.82	33.61	23.59
338.99	-0	596.2	40	23.1	23.37	22.82	33.53	23.63
326.28	-0	597.3	40	23.11	23.38	22.83	33.44	23.66
313.21	-0	598.4	40	23.11	23.37	22.83	33.36	23.61
138.76	-0	599.4	40	23.12	23.38	22.83	33.27	23.59
138.42	-0	600.5	40	23.12	23.38	22.83	33.18	23.6
138.24	-0	601.6	40	23.13	23.39	22.84	33.11	23.58
138.73	-0	602.7	40	23.14	23.39	22.86	33.02	23.56
138.28	-0	603.7	40	23.14	23.39	22.87	32.94	23.55
138.34	-0	604.8	40	23.15	23.39	22.89	32.87	23.53
138.22	-0	605.9	40	23.16	23.39	22.93	32.79	23.49
138.25	-0	607	40	23.16	23.39	22.92	32.71	23.45
138.16	-0	608.1	40	23.17	23.39	22.9	32.63	23.42
138	-0	609.1	40	23.16	23.39	22.89	32.55	23.39
137.89	-0	610.2	40	23.17	23.38	22.87	32.48	23.36
137.82	-0	611.3	40	23.16	23.38	22.85	32.4	23.34
137.7	-0	612.4	40	23.16	23.37	22.84	32.33	23.33
137.6	-0	613.5	40	23.16	23.36	22.83	32.25	23.32
137.51	-0	614.5	40	23.16	23.36	22.83	32.18	23.32
137.38	-0	615.6	40	23.15	23.35	22.82	32.11	23.31
137.27	-0	616.7	40	23.15	23.35	22.82	32.04	23.29
137.16	-0	617.8	40	23.15	23.35	22.82	31.97	23.27
137.15	-0	618.8	40	23.14	23.34	22.81	31.9	23.24
136.95	-0	619.9	40	23.14	23.34	22.8	31.84	23.23
136.82	-0	621	40	23.14	23.33	22.79	31.77	23.21
136.87	-0	622.1	40	23.13	23.33	22.79	31.7	23.2
136.73	-0	623.3	40	23.12	23.32	22.78	31.63	23.2
136.59	-0	624.5	40	23.12	23.32	22.78	31.55	23.19
136.53	-0	625.8	40	23.11	23.31	22.78	31.48	23.19
136.39	0	627	40	23.1	23.31	22.79	31.41	23.2
136.22	0	628.1	40	23.1	23.3	22.79	31.35	23.22
136.19	0	629.1	40	23.1	23.3	22.79	31.29	23.22
136.12	0	630.2	40	23.1	23.3	22.79	31.22	23.23
136.04	0	631.3	40	23.1	23.3	22.79	31.17	23.23
136	0	632.4	40	23.1	23.3	22.79	31.11	23.24
135.99	0	633.4	40	23.09	23.3	22.79	31.05	23.28
135.82	0	634.5	40	23.09	23.3	22.78	30.98	23.3
135.58	0	635.6	40	23.09	23.3	22.78	30.93	23.31
135.55	0	636.6	40	23.09	23.29	22.77	30.87	23.33
135.35	0	637.7	40	23.09	23.29	22.75	30.82	23.33
135.28	0	638.8	40	23.09	23.29	22.76	30.76	23.36
135.08	0	639.9	40	23.09	23.28	22.76	30.71	23.4
135.16	0	640.9	40	23.09	23.28	22.77	30.66	23.4
135.14	0	642	40	23.09	23.28	22.77	30.61	23.37
135.05	0	643.1	40	23.09	23.28	22.78	30.55	23.37
134.86	0	644.2	40	23.09	23.28	22.78	30.5	23.36
134.84	0	645.2	40	23.09	23.28	22.78	30.45	23.35
134.81	0	646.3	40	23.09	23.28	22.78	30.4	23.32
134.71	0	647.4	40	23.09	23.28	22.79	30.35	23.28
134.8	0	648.5	40	23.09	23.28	22.79	30.3	23.25
134.67	0	649.5	40	23.09	23.28	22.79	30.24	23.22
134.53	0	650.6	40	23.09	23.28	22.8	30.2	23.2
134.52	0	651.7	40	23.09	23.28	22.8	30.15	23.18
134.47	0	652.7	40	23.09	23.28	22.8	30.1	23.16
134.42	0	653.8	40	23.09	23.28	22.81	30.05	23.16
134.28	0	654.9	40	23.09	23.28	22.84	30	23.15
134.33	0	656	40	23.09	23.28	22.86	29.96	23.14
134.15	0	657	40	23.09	23.28	22.86	29.91	23.13
134.14	0	658.1	40	23.09	23.28	22.85	29.86	23.13
134.14	0	659.2	40	23.09	23.28	22.85	29.82	23.15
134.01	0	660.3	40	23.09	23.28	22.84	29.77	23.17
133.93	0	661.3	40	23.09	23.28	22.84	29.73	23.17
133.87	0	662.4	40	23.09	23.28	22.84	29.69	23.19
133.88	0	663.5	40	23.09	23.27	22.83	29.65	23.21
133.86	0	664.6	40	23.09	23.27	22.83	29.61	23.21
133.84	0	665.6	40	23.09	23.27	22.82	29.57	23.2
133.72	0	666.7	40	23.09	23.26	22.81	29.53	23.2
133.75	0	667.8	40	23.08	23.26	22.8	29.49	23.2
133.6	0	668.8	40	23.09	23.26	22.79	29.45	23.18
133.56	0	669.9	40	23.08	23.26	22.78	29.41	23.15
133.53	0	671	40	23.08	23.25	22.77	29.37	23.15
133.5	0	672.1	40	23.08	23.25	22.77	29.33	23.15
133.45	0	673.1	40	23.08	23.25	22.77	29.29	23.15
133.45	0	674.2	40	23.08	23.25	22.77	29.25	23.15
133.35	0	675.3	40	23.08	23.25	22.78	29.21	23.14
133.34	0	676.4	40	23.08	23.25	22.77	29.17	23.15
133.22	0	677.4	40	23.08	23.26	22.76	29.13	23.15
133.22	0	678.5	40	23.08	23.25	22.77	29.1	23.18
133.11	0	679.6	40	23.08	23.25	22.76	29.06	23.18
133.15	0	680.7	40	23.08	23.25	22.76	29.02	23.2
133.09	0	681.7	40	23.08	23.25	22.74	28.99	23.23
133.06	0	682.8	40	23.08	23.25	22.74	28.95	23.26
133.04	0	683.9	40	23.08	23.24	22.74	28.92	23.28
132.99	0	684.9	40	23.08	23.24	22.74	28.88	23.29
132.91	0	686	40	23.08	23.24	22.74	28.84	23.31
132.89	0	687.1	40	23.08	23.24	22.74	28.81	23.34
132.81	0	688.2	40	23.08	23.24	22.73	28.77	23.35
132.82	0	689.2	40	23.08	23.24	22.73	28.74	23.37
132.71	0	690.3	40	23.08	23.24	22.72	28.7	23.38
132.75	0	691.4	40	23.08	23.24	22.72	28.67	23.41
132.69	0	692.5	40	23.08	23.23	22.72	28.64	23.42
132.59	0	693.5	40	23.08	23.23	22.72	28.61	23.42
132.6	0	694.6	40	23.08	23.23	22.72	28.57	23.42
132.54	0	695.7	40	23.08	23.23	22.72	28.54	23.37
132.52	0	696.8	40	23.08	23.23	22.72	28.51	23.33
132.54	0	697.8	40	23.08	23.22	22.72	28.48	23.33
132.43	0	698.9	40	23.08	23.22	22.72	28.44	23.3
132.38	0	700	40	23.08	23.22	22.73	28.41	23.29
132.35	0	701	40	23.08	23.22	22.73	28.38	23.27
132.3	0	702.1	40	23.08	23.22	22.73	28.35	23.28
132.27	0	703.2	40	23.08	23.22	22.74	28.32	23.28
132.27	0	704.3	40	23.08	23.21	22.75	28.29	23.27
132.23	0	705.3	40	23.08	23.22	22.76	28.26	23.28
132.15	0	706.4	40	23.08	23.21	22.76	28.23	23.29
132.18	0	707.5	40	23.08	23.21	22.75	28.2	23.29
132.1	0	708.6	40	23.08	23.21	22.74	28.17	23.24
132.11	0	709.6	40	23.08	23.21	22.73	28.15	23.21
132.05	0	710.7	40	23.08	23.2	22.72	28.12	23.2
132	0	711.8	40	23.08	23.2	22.72	28.09	23.2
132	0	712.8	40	23.08	23.2	22.72	28.06	23.21
131.96	0	713.9	40	23.08	23.2	22.71	28.03	23.2
131.91	0	715	40	23.08	23.2	22.71	28.01	23.2
131.92	0	716.1	40	23.08	23.2	22.72	27.98	23.22
131.9	0	717.1	40	23.08	23.19	22.74	27.96	23.22
131.83	0	718.2	40	23.08	23.2	22.75	27.93	23.19
131.84	0	719.3	40	23.08	23.2	22.78	27.9	23.16
131.68	0	720.4	40	23.07	23.2	22.78	27.87	23.12
131.7	0	721.4	40	23.08	23.2	22.78	27.85	23.09
131.71	0	722.5	40	23.08	23.2	22.78	27.83	23.06
131.68	0	723.6	40	23.08	23.2	22.79	27.8	23.05
131.66	0	724.7	40	23.08	23.2	22.8	27.77	23.04
131.55	0	725.7	40	23.07	23.2	22.8	27.75	23.08
131.59	0	726.8	40	23.08	23.2	22.8	27.72	23.1
131.51	0	727.9	40	23.08	23.2	22.79	27.69	23.1
131.53	0	728.9	40	23.08	23.2	22.82	27.67	23.12
131.51	0	730	40	23.08	23.2	22.87	27.64	23.16
131.42	0	731.1	40	23.08	23.2	22.88	27.62	23.19
131.45	0	732.2	40	23.08	23.2	22.86	27.59	23.2
131.42	0	733.2	40	23.08	23.2	22.84	27.57	23.2
131.34	0	734.3	40	23.08	23.2	22.83	27.54	23.27
131.35	0	735.4	40	23.08	23.2	22.85	27.52	23.29
131.32	0	736.5	40	23.08	23.2	22.86	27.49	23.34
131.31	0	737.5	40	23.08	23.2	22.86	27.47	23.36
131.26	0	738.6	40	23.08	23.2	22.86	27.45	23.37
131.24	0	739.7	40	23.08	23.2	22.86	27.43	23.41
131.27	0	740.8	40	23.08	23.2	22.87	27.4	23.42
131.25	0	741.8	40	23.08	23.2	22.9	27.38	23.43
131.11	0	742.9	40	23.08	23.21	22.92	27.36	23.43
131.06	0	744	40	23.08	23.21	22.91	27.33	23.44
131.14	0	745	40	23.08	23.21	22.91	27.31	23.47
131.13	0	746.1	40	23.08	23.21	22.9	27.29	23.48
131.11	0	747.2	40	23.08	23.21	22.88	27.27	23.47
131.07	0	748.3	40	23.08	23.22	22.87	27.25	23.45
131.07	0	749.3	40	23.08	23.22	22.86	27.23	23.44
131.04	0	750.4	40	23.08	23.22	22.86	27.2	23.46
130.95	0	751.5	40	23.08	23.22	22.88	27.18	23.47
130.95	0	752.6	40	23.08	23.22	22.9	27.16	23.49
130.85	0	753.6	40	23.08	23.22	22.91	27.15	23.48
130.89	0	754.7	40	23.08	23.22	22.91	27.13	23.49
130.85	0	755.8	40	23.08	23.23	22.89	27.1	23.48
130.78	0	756.8	40	23.08	23.22	22.89	27.08	23.51
130.93	0	757.9	40	23.08	23.23	22.87	27.07	23.52
130.78	0	759	40	23.08	23.22	22.86	27.04	23.52
130.86	0	760.1	40	23.08	23.22	22.85	27.02	23.5
130.72	0	761.1	40	23.08	23.23	22.84	27.01	23.48
130.69	0	762.2	40	23.08	23.23	22.84	26.98	23.45
130.72	0	763.3	40	23.08	23.23	22.83	26.97	23.42
130.67	0	764.4	40	23.08	23.23	22.82	26.95	23.4
130.67	0	765.4	40	23.08	23.23	22.81	26.93	23.38
130.64	0	766.5	40	23.08	23.23	22.8	26.91	23.4
130.67	0	767.6	40	23.08	23.23	22.79	26.89	23.4
130.58	0	768.7	40	23.08	23.23	22.79	26.87	23.39
130.55	0	769.7	40	23.08	23.23	22.78	26.85	23.37
130.48	0	770.8	40	23.08	23.23	22.78	26.83	23.36
130.52	0	771.9	40	23.08	23.23	22.77	26.81	23.36
130.53	0	772.9	40	23.07	23.23	22.77	26.79	23.39
130.46	0	774	40	23.07	23.23	22.76	26.78	23.35
130.49	0	775.1	40	23.07	23.23	22.76	26.76	23.33
130.46	0	776.2	40	23.08	23.23	22.76	26.74	23.31
130.44	0	777.2	40	23.07	23.23	22.75	26.72	23.28
130.48	0	778.3	40	23.07	23.23	22.75	26.7	23.28
130.4	0	779.4	40	23.07	23.23	22.75	26.69	23.25
130.38	0	780.5	40	23.07	23.23	22.74	26.67	23.3
130.36	0	781.5	40	23.07	23.23	22.73	26.65	23.32
130.34	0	782.6	40	23.07	23.23	22.72	26.64	23.34
130.3	0	783.7	40	23.07	23.23	22.72	26.62	23.34
130.24	0	784.8	40	23.07	23.23	22.71	26.6	23.37
130.26	0	785.8	40	23.07	23.23	22.71	26.59	23.39
130.28	0	786.9	40	23.07	23.23	22.71	26.58	23.38
130.23	0	788	40	23.07	23.23	22.71	26.56	23.37
130.15	0	789	40	23.07	23.23	22.7	26.54	23.35
130.25	0	790.1	40	23.07	23.23	22.7	26.52	23.34
130.18	0	791.2	40	23.07	23.23	22.69	26.51	23.34
130.19	0	792.3	40	23.07	23.22	22.69	26.49	23.35
130.14	0	793.3	40	23.07	23.22	22.69	26.48	23.36
130.16	0	794.4	40	23.07	23.22	22.69	26.46	23.38
130.14	0	795.5	40	23.07	23.22	22.69	26.44	23.39
130.11	0	796.6	40	23.07	23.22	22.7	26.43	23.37
130.05	0	797.6	40	23.07	23.22	22.71	26.42	23.38
130.05	0	798.7	40	23.07	23.22	22.71	26.4	23.37
130.01	0	799.8	40	23.06	23.22	22.71	26.38	23.36
129.98	0	800.9	40	23.07	23.23	22.71	26.37	23.35
129.99	0	801.9	40	23.07	23.23	22.72	26.36	23.3
129.96	0	803	40	23.07	23.23	22.72	26.34	23.29
130.01	0	804.1	40	23.06	23.23	22.72	26.33	23.32
129.91	0	805.1	40	23.06	23.23	22.73	26.31	23.33
129.98	0	806.2	40	23.07	23.23	22.77	26.3	23.32
129.94	0	807.3	40	23.07	23.23	22.78	26.29	23.29
129.86	0	808.4	40	23.07	23.23	22.77	26.27	23.26
129.92	0	809.4	40	23.07	23.23	22.78	26.26	23.25
129.85	0	810.5	40	23.07	23.22	22.8	26.25	23.24
129.88	0	811.6	40	23.07	23.22	22.81	26.23	23.27
129.88	0	812.7	40	23.07	23.22	22.81	26.22	23.31
129.82	0	813.7	40	23.07	23.22	22.8	26.2	23.34
129.78	0	814.8	40	23.07	23.22	22.8	26.19	23.38
129.79	0	815.9	40	23.07	23.21	22.82	26.18	23.42
129.75	0	817	40	23.07	23.21	22.84	26.16	23.45
129.74	0	818	40	23.07	23.21	22.83	26.15	23.46
129.73	0	819.1	40	23.07	23.21	22.82	26.13	23.44
129.75	0	820.2	40	23.07	23.21	22.81	26.12	23.43
129.73	0	821.2	40	23.07	23.21	22.81	26.11	23.44
129.7	0	822.3	40	23.06	23.21	22.81	26.09	23.5
129.64	0	823.4	40	23.07	23.21	22.85	26.08	23.47
129.64	0	824.5	40	23.07	23.21	22.85	26.07	23.48
129.71	0	825.5	40	23.07	23.21	22.86	26.05	23.48
129.68	0	826.6	40	23.07	23.21	22.86	26.04	23.48
129.62	0	827.7	40	23.07	23.21	22.85	26.03	23.54
129.64	0	828.8	40	23.07	23.2	22.84	26.01	23.55
129.57	0	829.8	40	23.06	23.2	22.83	26	23.54
129.57	0	830.9	40	23.07	23.2	22.82	25.99	23.54
129.55	0	832	40	23.07	23.19	22.83	25.97	23.56
129.53	0	833	40	23.06	23.19	22.85	25.96	23.57
129.5	0	834.1	40	23.06	23.19	22.86	25.95	23.59
129.49	0	835.2	40	23.06	23.19	22.88	25.93	23.65
129.53	0	836.3	40	23.06	23.19	22.88	25.92	23.72
129.53	0	837.3	40	23.06	23.18	22.87	25.91	23.67
129.51	0	838.4	40	23.06	23.18	22.86	25.9	23.62
129.52	0	839.5	40	23.06	23.18	22.85	25.89	23.62
129.53	0	840.6	40	23.06	23.17	22.85	25.88	23.61
129.45	0	841.6	40	23.06	23.17	22.84	25.86	23.65
129.44	0	842.7	40	23.06	23.17	22.84	25.85	23.65
129.5	0	843.8	40	23.05	23.17	22.83	25.84	23.65
129.43	0	844.9	40	23.05	23.17	22.82	25.83	23.65
129.46	0	845.9	40	23.05	23.16	22.82	25.81	23.65
129.42	0	847	40	23.05	23.16	22.81	25.8	23.67
129.37	0	848.1	40	23.05	23.16	22.8	25.79	23.66
129.41	0	849.1	40	23.05	23.16	22.8	25.78	23.69
129.37	0	850.2	40	23.02	23.17	22.79	25.75	23.72
129.37	0	851.3	40	23.03	23.17	22.79	25.74	23.78
129.4	0	852.4	40	23.02	23.17	22.79	25.74	23.86
129.37	0	853.4	40	23.02	23.17	22.79	25.82	23.86
129.37	0	854.5	40	23.06	23.17	22.79	25.74	23.88
129.49	0	855.6	40	23.1	23.17	22.79	25.66	23.92
129.39	0	856.7	40	23.17	23.17	22.8	25.58	23.91
129.38	0	857.7	40	23.26	23.18	22.86	25.51	23.89
129.43	0	858.8	40	23.33	23.24	22.87	25.43	23.93
129.48	0	859.9	40	23.42	23.25	22.87	25.37	23.95
129.42	0	861	40	23.54	23.35	22.94	25.3	24.01
129.44	0	862	40	23.63	23.4	22.96	25.25	23.98
129.43	0	863.1	40	23.67	23.47	23.02	25.17	23.94
129.41	0	864.2	40	23.72	23.63	23.02	25.1	23.93
129.5	0	865.2	40	23.78	23.7	23.17	25	23.94
129.59	0	866.3	40	23.87	23.89	23.26	24.97	23.93
129.46	0	867.4	40	23.93	24.01	23.32	24.92	24.02
129.42	0	868.5	40	24.01	24.01	23.33	24.9	24.1
129.35	0	869.5	40	24.09	24.08	23.4	24.88	24.09
-116.98	0	870.6	40	24.16	24.08	23.43	24.82	24.04
-112.88	0	871.7	40	24.16	24.08	23.55	24.75	24.01
-107.7	0	872.8	40	24.16	24.08	23.67	24.67	24.01
-105.6	0	873.8	40	24.16	24.08	23.78	24.63	23.93
-112.88	0	874.9	40	24.16	24.08	23.85	24.55	23.86
-106.62	0	876	40	24.15	24.02	23.91	24.49	23.78
-116.98	0	877.1	40	24.09	24.01	23.94	24.39	23.72
-116.98	0	878.1	40	24.09	24.01	24.01	24.36	23.71
-273.15	0	879.2	40	24.05	24.01	24.08	24.29	23.7
-116.98	0	880.3	40	24.01	24.01	24.16	24.29	23.7
-107.7	0	881.4	40	24.01	24.01	24.16	24.22	23.67
-112.88	0	882.4	40	23.96	24.01	24.23	24.21	23.69
-106.62	0	883.5	40	23.93	24.01	24.23	24.13	23.63
-110.65	0	884.6	40	23.93	24	24.3	24.11	23.65
-116.98	0	885.7	40	23.93	24	24.39	24.13	23.71
-110.65	0	886.7	40	23.93	23.96	24.4	24.06	23.63
-273.15	0	887.8	40	23.91	23.93	24.46	24.05	23.63
-106.62	0	888.9	40	23.86	23.93	24.46	23.98	23.55
-109.01	0	889.9	40	23.86	23.94	24.48	23.97	23.48
-273.15	0	891	40	23.86	23.93	24.54	23.91	23.48
-106.62	0	892.1	40	23.86	23.93	24.54	23.91	23.52
-109.01	0	893.2	40	23.86	23.93	24.54	23.91	23.55
-273.15	0	894.2	40	23.86	23.93	24.54	23.91	23.55
-116.98	0	895.3	40	23.82	23.93	24.59	23.91	23.56
-116.98	0	896.4	40	23.83	24.01	24.62	23.91	23.56
-106.62	0	897.5	40	23.86	24.08	24.67	23.91	23.57
-107.7	0	898.5	40	23.86	24.08	24.69	23.91	23.55
-112.88	0	899.6	40	23.86	24.08	24.69	23.84	23.48
-116.98	0	900.7	40	23.86	24.08	24.77	23.83	23.48
-273.15	0	901.8	40	23.86	24.08	24.77	23.75	23.41
-109.01	0	902.8	40	23.86	24.06	24.77	23.68	23.4
-116.98	0	903.9	40	23.81	24.02	24.77	23.67	23.4
-273.15	0	905	40	23.78	24.02	24.77	23.68	23.48
-109.01	0	906.1	40	23.78	24.01	24.77	23.68	23.4
-112.88	0	907.1	40	23.78	24.01	24.77	23.68	23.41
-273.15	0	908.2	40	23.78	24.01	24.78	23.68	23.44
-110.65	0	909.3	40	23.78	24.01	24.79	23.68	23.48
-112.88	0	910.4	40	23.79	24.01	24.77	23.68	23.4
-116.98	0	911.4	40	23.85	24.01	24.77	23.6	23.4
-273.15	0	912.5	40	23.86	24.01	24.77	23.6	23.43
-110.65	0	913.6	40	23.86	24.06	24.84	23.62	23.48
-109.01	0	914.7	40	23.86	24.05	24.84	23.68	23.55
-116.98	0	915.7	40	23.86	24.02	24.84	23.75	23.55
-116.98	0	916.8	40	23.87	24.01	24.84	23.75	23.61
-109.01	0	917.9	40	23.89	24.01	24.85	23.76	23.64
-112.88	0	919	40	23.89	24.05	24.85	23.83	23.64
-116.98	0	920	40	23.91	24.08	24.85	23.83	23.63
-273.15	0	921.1	40	23.91	24.08	24.92	23.83	23.63
-112.88	0	922.2	40	23.88	24.08	24.92	23.87	23.63
-116.98	0	923.2	40	23.91	24.08	24.88	23.91	23.71
-105.6	0	924.3	40	23.93	24.08	24.85	23.98	23.78
-116.98	0	925.4	40	23.93	24.06	24.84	23.98	23.86
-273.15	0	926.5	40	23.93	24.01	24.84	24.04	23.96
-273.15	0	927.5	40	23.93	24.01	24.77	24.06	23.95
-106.62	0	928.6	40	23.93	24.01	24.78	24.13	23.93
-106.62	0	929.7	40	23.93	24.01	24.81	24.13	23.86
-112.88	0	930.8	40	23.93	24.01	24.79	24.06	23.85
-112.88	0	931.8	40	23.93	24.04	24.77	24.06	23.86
-109.01	0	932.9	40	23.93	24.08	24.77	24.06	23.93
-273.15	0	934	40	23.93	24.08	24.77	24.13	23.93
-112.88	0	935.1	40	23.93	24.08	24.69	24.15	23.93
-107.7	0	936.1	40	23.93	24.05	24.69	24.21	23.94
-273.15	0	937.2	40	23.93	24.01	24.62	24.21	24.01
-112.88	0	938.3	40	23.92	24.01	24.62	24.29	24.02
-116.98	0	939.4	40	23.9	24.01	24.63	24.36	24
-273.15	0	940.4	40	23.93	24.02	24.62	24.29	23.93
-112.88	0	941.5	40	23.93	24.01	24.62	24.21	23.86
-116.98	0	942.6	40	23.88	23.98	24.62	24.2	23.79
-105.6	0	943.7	40	23.86	23.93	24.69	24.14	23.85
-106.62	0	944.7	40	23.86	23.93	24.69	24.13	23.86
-112.88	0	945.8	40	23.86	23.93	24.7	24.13	23.79
-116.98	0	946.9	40	23.9	23.92	24.77	24.09	23.78
-110.65	0	948	40	23.87	23.89	24.77	24.08	23.78
-112.88	0	949	40	23.86	23.93	24.77	24.06	23.78
-116.98	0	950.1	40	23.86	23.93	24.77	24.06	23.78
-105.6	0	951.2	40	23.86	23.93	24.77	24.06	23.78
-109.01	0	952.3	40	23.86	23.93	24.84	23.98	23.71
-110.65	0	953.3	40	23.86	23.93	24.84	23.91	23.66
-116.98	0	954.4	40	23.86	23.88	24.88	23.91	23.7
-112.88	0	955.5	40	23.86	23.85	24.91	23.91	23.69
-106.62	0	956.6	40	23.86	23.85	24.92	23.83	23.67
-109.01	0	957.6	40	23.86	23.85	24.92	23.83	23.63
-116.98	0	958.7	40	23.86	23.85	24.92	23.75	23.56
-107.7	0	959.8	40	23.86	23.85	24.92	23.68	23.49
-112.88	0	960.8	40	23.86	23.85	24.92	23.6	23.46
-107.7	0	961.9	40	23.93	23.85	24.92	23.53	23.4
-112.88	0	963	40	23.93	23.85	24.99	23.51	23.33
-107.7	0	964.1	40	23.93	23.85	24.99	23.45	23.4
-112.88	0	965.1	40	23.93	23.85	25	23.45	23.34
-116.98	0	966.2	40	23.93	23.84	25	23.48	23.33
-273.15	0	967.3	40	23.93	23.85	25	23.53	23.34
-116.98	0	968.4	40	23.93	23.85	25	23.6	23.4
-116.98	0	969.4	40	23.93	23.85	25	23.6	23.4
-273.15	0	970.5	40	23.93	23.85	25	23.63	23.4
-106.62	0	971.6	40	23.93	23.85	25	23.68	23.4
-116.98	0	972.7	40	23.93	23.85	25	23.66	23.4
-273.15	0	973.7	40	23.93	23.85	24.99	23.6	23.4
-112.88	0	974.8	40	23.93	23.79	24.92	23.6	23.4
-116.98	0	975.9	40	23.93	23.78	24.92	23.6	23.4
-110.65	0	977	40	23.93	23.78	24.84	23.6	23.4
-112.88	0	978	40	23.93	23.78	24.84	23.68	23.41
-273.15	0	979.1	40	23.93	23.78	24.84	23.75	23.52
-112.88	0	980.2	40	23.93	23.78	24.84	23.81	23.56
-116.98	0	981.3	40	23.93	23.84	24.77	23.83	23.59
-273.15	0	982.3	40	23.93	23.85	24.78	23.83	23.63
-105.6	0	983.4	40	23.93	23.85	24.77	23.87	23.63
-116.98	0	984.5	40	23.93	23.85	24.77	23.91	23.63
-110.65	0	985.6	40	23.95	23.85	24.84	23.91	23.63
-105.6	0	986.6	40	24.01	23.86	24.84	23.91	23.63
-109.01	0	987.7	40	24.01	23.86	24.77	23.91	23.63
-112.88	0	988.8	40	24.01	23.93	24.77	23.91	23.63
-273.15	0	989.9	40	24.01	23.93	24.77	23.91	23.63
-116.98	0	990.9	40	24.01	23.93	24.77	23.98	23.56
-116.98	0	992	40	24.01	23.93	24.77	23.98	23.55
-273.15	0	993.1	40	24.01	23.93	24.71	23.91	23.48
-116.98	0	994.2	40	24.01	23.9	24.69	23.91	23.48
-116.98	0	995.2	40	24.01	23.85	24.69	23.83	23.42
-109.01	0	996.3	40	23.99	23.81	24.69	23.82	23.4
-112.88	0	997.4	40	23.94	23.78	24.62	23.76	23.35
-116.98	0	998.4	40	23.93	23.78	24.62	23.75	23.33
-110.65	0	999.5	40	23.93	23.78	24.59	23.68	23.33
-116.98	0	1000.6	40	23.93	23.7	24.54	23.67	23.3
-273.15	0	1001.7	40	23.93	23.69	24.54	23.6	23.28
-109.01	0	1002.7	40	23.93	23.63	24.54	23.6	23.27
-116.98	0	1003.8	40	23.93	23.63	24.46	23.57	23.31
-116.98	0	1004.9	40	23.88	23.6	24.46	23.53	23.27
-273.15	0	1006	40	23.86	23.55	24.46	23.53	23.26
-116.98	0	1007.1	40	23.86	23.55	24.46	23.52	23.25
-116.98	0	1008.1	40	23.86	23.47	24.46	23.45	23.25
-116.98	0	1009.2	40	23.86	23.47	24.43	23.44	23.24
-109.01	0	1010.3	40	23.86	23.4	24.39	23.37	23.21
-112.88	0	1011.4	40	23.86	23.4	24.38	23.37	23.25
-112.88	0	1012.4	40	23.86	23.39	24.31	23.31	23.21
-105.6	0	1013.5	40	23.86	23.32	24.31	23.3	23.23
-112.88	0	1014.6	40	23.86	23.32	24.31	23.3	23.18
-112.88	0	1015.7	40	23.86	23.32	24.31	23.3	23.17
-116.98	0	1016.7	40	23.86	23.32	24.31	23.3	23.17
-107.7	0	1017.8	40	23.86	23.32	24.31	23.3	23.16
-107.7	0	1018.9	40	23.86	23.32	24.31	23.3	23.12
-116.98	0	1020	40	23.86	23.32	24.31	23.27	23.1
-107.7	0	1021	40	23.86	23.32	24.31	23.23	23.1
-107.7	0	1022.1	40	23.86	23.32	24.31	23.3	23.1
-110.65	0	1023.2	40	23.86	23.32	24.35	23.3	23.1
-106.62	0	1024.3	40	23.86	23.4	24.39	23.3	23.1
-273.15	0	1025.4	40	23.93	23.47	24.39	23.3	23.1
-273.15	0	1026.4	40	23.93	23.52	24.45	23.3	23.1
-109.01	0	1027.5	40	23.93	23.55	24.46	23.31	23.17
-273.15	0	1028.6	40	23.94	23.63	24.46	23.37	23.24
-112.88	0	1029.7	40	24	23.7	24.46	23.39	23.25
-116.98	0	1030.7	40	24.01	23.78	24.47	23.45	23.33
-110.65	0	1031.8	40	24.01	23.85	24.48	23.53	23.35
-273.15	0	1032.9	40	24.02	23.93	24.54	23.6	23.4
-112.88	0	1034	40	24.09	23.93	24.54	23.63	23.48
-110.65	0	1035	40	24.09	24.01	24.54	23.68	23.49
-273.15	0	1036.1	40	24.09	24.01	24.59	23.75	23.56
-116.98	0	1037.2	40	24.16	24.08	24.62	23.76	23.63
-107.7	0	1038.3	40	24.16	24.08	24.62	23.83	23.71
-110.65	0	1039.3	40	24.16	24.08	24.62	23.91	23.71
-116.98	0	1040.4	40	24.16	24.08	24.62	23.94	23.74
-107.7	0	1041.5	40	24.12	24.08	24.62	23.98	23.81
-109.01	0	1042.6	40	24.09	24.08	24.62	24.06	23.78
-116.98	0	1043.6	40	24.09	24.08	24.62	23.98	23.71
-109.01	0	1044.7	40	24.09	24.08	24.62	23.96	23.68
-116.98	0	1045.8	40	24.09	24.02	24.62	23.91	23.65
-273.15	0	1046.9	40	24.15	24.01	24.62	23.91	23.63
-116.98	0	1048	40	24.16	24	24.62	23.92	23.63
-116.98	0	1049	40	24.16	23.93	24.62	23.98	23.64
-116.98	0	1050.1	40	24.16	23.94	24.62	23.98	23.75
-109.01	0	1051.2	40	24.18	23.98	24.69	24.06	23.78
-116.98	0	1052.3	40	24.22	23.99	24.69	24.13	23.8
-273.15	0	1053.3	40	24.24	24.01	24.7	24.13	23.78
-107.7	0	1054.4	40	24.24	24.01	24.77	24.13	23.79
-112.88	0	1055.5	40	24.24	24.01	24.77	24.13	23.78
-107.7	0	1056.6	40	24.24	24.08	24.77	24.18	23.78
-109.01	0	1057.6	40	24.3	24.09	24.84	24.14	23.75
-273.15	0	1058.7	40	24.32	24.08	24.84	24.14	23.78
-116.98	0	1059.8	40	24.32	24.08	24.84	24.21	23.81
-107.7	0	1060.9	40	24.32	24.08	24.85	24.21	23.78
-273.15	0	1061.9	40	24.38	24.08	24.86	24.21	23.76
-110.65	0	1063	40	24.37	24.08	24.85	24.14	23.71
-273.15	0	1064.1	40	24.34	24.08	24.85	24.13	23.71
-116.98	0	1065.2	40	24.32	24.08	24.85	24.13	23.63
-273.15	0	1066.3	40	24.32	24.09	24.85	24.06	23.63
-112.88	0	1067.3	40	24.32	24.1	24.85	24.05	23.63
-107.7	0	1068.4	40	24.32	24.15	24.9	23.98	23.56
-116.98	0	1069.5	40	24.32	24.13	24.84	23.93	23.54
-273.15	0	1070.6	40	24.32	24.13	24.84	23.91	23.48
-273.15	0	1071.6	40	24.32	24.08	24.84	23.9	23.55
-116.98	0	1072.7	40	24.25	24.08	24.84	23.91	23.55
-116.98	0	1073.8	40	24.24	24.08	24.84	23.9	23.48
-110.65	0	1074.9	40	24.24	24.06	24.84	23.83	23.42
-116.98	0	1075.9	40	24.24	24.08	24.84	23.76	23.4
-109.01	0	1077	40	24.24	24.08	24.84	23.75	23.4
-112.88	0	1078.1	40	24.22	24.08	24.84	23.68	23.33
-273.15	0	1079.2	40	24.19	24.08	24.84	23.68	23.33
-109.01	0	1080.2	40	24.16	24.08	24.84	23.61	23.33
-116.98	0	1081.3	40	24.16	24.02	24.84	23.63	23.4
-116.98	0	1082.4	40	24.16	24.01	24.84	23.68	23.39
-107.7	0	1083.5	40	24.16	24.01	24.84	23.68	23.4
-116.98	0	1084.5	40	24.16	24.01	24.84	23.68	23.45
-116.98	0	1085.6	40	24.16	24.01	24.84	23.75	23.48
-112.88	0	1086.7	40	24.16	24	24.84	23.75	23.48
-273.15	0	1087.8	40	24.16	24	24.84	23.77	23.48
-106.62	0	1088.9	40	24.15	24	24.85	23.78	23.41
-109.01	0	1089.9	40	24.16	24	24.9	23.75	23.4
-273.15	0	1091	40	24.16	23.96	24.87	23.75	23.4
-273.15	0	1092.1	40	24.16	23.94	24.91	23.76	23.44
-116.98	0	1093.2	40	24.16	23.93	24.92	23.75	23.4
-116.98	0	1094.2	40	24.16	23.94	24.92	23.75	23.43
-110.65	0	1095.3	40	24.16	23.94	24.92	23.73	23.4
-273.15	0	1096.4	40	24.16	23.93	24.92	23.68	23.48
-110.65	0	1097.5	40	24.16	23.93	24.92	23.69	23.48
-110.65	0	1098.5	40	24.16	23.94	24.92	23.75	23.54
-107.7	0	1099.6	40	24.16	23.95	24.92	23.75	23.6
-116.98	0	1100.7	40	24.16	24.01	24.92	23.83	23.67
-116.98	0	1101.8	40	24.17	24.01	24.92	23.83	23.7
-116.98	0	1102.8	40	24.24	24.01	24.92	23.91	23.68
-109.01	0	1103.9	40	24.24	24.01	24.92	23.91	23.65
-273.15	0	1105	40	24.24	24.01	24.92	23.97	23.63
-116.98	0	1106.1	40	24.24	24.08	24.92	23.97	23.63
-109.01	0	1107.1	40	24.24	24.08	24.92	23.95	23.55
-116.98	0	1108.2	40	24.25	24.05	24.94	23.91	23.55
-110.65	0	1109.3	40	24.29	24.01	24.98	23.88	23.55
-273.15	0	1110.4	40	24.3	24.01	25	23.91	23.55
-109.01	0	1111.5	40	24.32	24.03	24.95	23.91	23.53
-116.98	0	1112.5	40	24.32	24.08	24.99	23.91	23.55
-109.01	0	1113.6	40	24.32	24.08	24.97	23.98	23.57
-112.88	0	1114.7	40	24.32	24.08	24.94	24.06	23.63
-116.98	0	1115.8	40	24.32	24.08	24.99	24.09	23.71
-273.15	0	1116.8	40	24.32	24.08	25	24.13	23.78
-116.98	0	1117.9	40	24.32	24.08	25	24.14	23.8
-107.7	0	1119	40	24.34	24.08	25	24.21	23.86
-116.98	0	1120.1	40	24.37	24.08	25.05	24.28	23.86
-116.98	0	1121.1	40	24.39	24.08	25.07	24.29	23.82
-112.88	0	1122.2	40	24.39	24.08	25.07	24.23	23.78
-116.98	0	1123.3	40	24.35	24.08	25.07	24.21	23.71
-110.65	0	1124.4	40	24.32	24.08	25.07	24.14	23.64
-112.88	0	1125.4	40	24.32	24.08	25.14	24.13	23.63
-273.15	0	1126.5	40	24.32	24.03	25.15	24.06	23.62
-116.98	0	1127.6	40	24.32	24.01	25.15	24.06	23.58
-116.98	0	1128.7	40	24.32	24.01	25.15	23.98	23.55
-273.15	0	1129.8	40	24.32	24.08	25.15	23.91	23.48
-273.15	0	1130.8	40	24.32	24.08	25.19	23.87	23.44
-112.88	0	1131.9	40	24.32	24.03	25.23	23.83	23.4
-112.88	0	1133	40	24.32	24.08	25.19	23.76	23.4
-116.98	0	1134.1	40	24.32	24.08	25.15	23.78	23.41
-107.7	0	1135.1	40	24.32	24.08	25.15	23.83	23.48
-273.15	0	1136.2	40	24.32	24.08	25.15	23.83	23.48
-110.65	0	1137.3	40	24.32	24.08	25.14	23.83	23.48
-116.98	0	1138.4	40	24.32	24.09	25.08	23.83	23.48
-110.65	0	1139.4	40	24.32	24.1	25.08	23.9	23.5
-273.15	0	1140.5	40	24.32	24.08	25.07	23.91	23.55
-273.15	0	1141.6	40	24.32	24.08	25.07	23.91	23.55
-106.62	0	1142.7	40	24.32	24.08	25.07	23.91	23.55
-107.7	0	1143.7	40	24.37	24.08	25	23.91	23.55
-273.15	0	1144.8	40	24.38	24.08	25	23.91	23.55
-116.98	0	1145.9	40	24.39	24.08	25	23.91	23.63
-109.01	0	1147	40	24.39	24.08	24.92	23.92	23.7
-109.01	0	1148	40	24.39	24.08	24.92	23.98	23.77
-116.98	0	1149.1	40	24.39	24.06	24.85	24.02	23.71
-107.7	0	1150.2	40	24.39	24.07	24.84	24.01	23.71
-109.01	0	1151.3	40	24.39	24.05	24.77	23.99	23.75
-109.01	0	1152.4	40	24.34	24.02	24.76	24	23.78
-273.15	0	1153.4	40	24.32	24.02	24.7	24.06	23.83
-116.98	0	1154.5	40	24.32	24.05	24.69	24.06	23.78
-107.7	0	1155.6	40	24.32	24.07	24.69	24.05	23.78
-116.98	0	1156.7	40	24.32	24.01	24.62	24.06	23.79
-116.98	0	1157.7	40	24.31	24.07	24.62	24.06	23.78
-116.98	0	1158.8	40	24.26	24.08	24.62	24.06	23.78
-110.65	0	1159.9	40	24.25	24.08	24.67	23.98	23.71
-273.15	0	1161	40	24.25	24.08	24.69	23.98	23.71
-107.7	0	1162	40	24.24	24.05	24.69	23.98	23.78
-112.88	0	1163.1	40	24.29	24.02	24.69	23.98	23.78
-107.7	0	1164.2	40	24.31	24.01	24.69	23.99	23.86
-110.65	0	1165.3	40	24.32	24.02	24.69	24.01	23.9
-273.15	0	1166.3	40	24.31	24.08	24.69	24.06	23.86
-107.7	0	1167.4	40	24.29	24.08	24.69	24.06	23.86
-107.7	0	1168.5	40	24.31	24.08	24.64	24.06	23.87
-116.98	0	1169.6	40	24.32	24.08	24.67	24.13	23.93
-116.98	0	1170.7	40	24.32	24.08	24.69	24.14	23.93
-116.98	0	1171.7	40	24.32	24.08	24.69	24.15	23.91
-273.15	0	1172.8	40	24.32	24.08	24.69	24.13	23.86
-116.98	0	1173.9	40	24.39	24.13	24.69	24.14	23.86
-116.98	0	1175	40	24.39	24.16	24.76	24.14	23.81
-104.79	0	1176	40	24.39	24.23	24.77	24.15	23.8
-105.6	0	1177.1	40	24.39	24.31	24.77	24.21	23.86
-112.88	0	1178.2	40	24.39	24.31	24.77	24.21	23.86
-106.62	0	1179.3	40	24.39	24.31	24.77	24.21	23.86
-107.7	0	1180.3	40	24.39	24.31	24.79	24.23	23.86
-116.98	0	1181.4	40	24.41	24.31	24.84	24.28	23.86
-116.98	0	1182.5	40	24.4	24.31	24.84	24.29	23.86
-105.6	0	1183.6	40	24.4	24.24	24.84	24.29	23.89
-116.98	0	1184.6	40	24.39	24.23	24.84	24.3	23.9
-112.88	0	1185.7	40	24.41	24.31	24.86	24.36	23.87
-112.88	0	1186.8	40	24.47	24.29	24.92	24.36	23.93
-104.79	0	1187.9	40	24.47	24.31	24.92	24.37	24.01
-112.88	0	1188.9	40	24.47	24.24	24.92	24.36	24.01
-273.15	0	1190	40	24.47	24.28	24.92	24.36	24.01
-273.15	0	1191.1	40	24.47	24.31	24.92	24.29	24.01
-116.98	0	1192.2	40	24.47	24.36	24.92	24.29	23.93
-116.98	0	1193.3	40	24.48	24.37	24.92	24.29	23.93
-116.98	0	1194.3	40	24.54	24.38	24.92	24.29	23.94
-116.98	0	1195.4	40	24.54	24.39	24.92	24.29	24.01
-116.98	0	1196.5	40	24.54	24.39	24.92	24.34	24.01
-116.98	0	1197.6	40	24.54	24.46	24.94	24.36	23.98
-116.98	0	1198.6	40	24.55	24.46	25	24.34	23.95
-107.7	0	1199.7	40	24.62	24.54	25	24.36	24.01
-116.98	0	1200.8	40	24.62	24.57	25.07	24.33	24.01
-106.62	0	1201.9	40	24.62	24.54	25.07	24.32	24.03
-112.88	0	1202.9	40	24.62	24.54	25.07	24.36	24.05
-112.88	0	1204	40	24.62	24.54	25.05	24.36	24.09
-116.98	0	1205.1	40	24.62	24.54	25.07	24.29	24.09
-116.98	0	1206.2	40	24.62	24.54	25.07	24.29	24.09
-107.7	0	1207.2	40	24.57	24.52	25.07	24.34	24.16
-112.88	0	1208.3	40	24.62	24.47	25.07	24.36	24.16
-105.6	0	1209.4	40	24.6	24.46	25.07	24.36	24.16
-112.88	0	1210.5	40	24.56	24.46	25.07	24.36	24.16
-112.88	0	1211.6	40	24.6	24.39	25.07	24.36	24.15
-112.88	0	1212.6	40	24.62	24.39	25.08	24.36	24.09
-105.6	0	1213.7	40	24.59	24.39	25.15	24.36	24.09
-107.7	0	1214.8	40	24.61	24.39	25.15	24.36	24.05
-116.98	0	1215.9	40	24.57	24.39	25.15	24.36	24.01
-105.6	0	1216.9	40	24.6	24.39	25.15	24.36	24.01
-112.88	0	1218	40	24.56	24.38	25.15	24.35	23.96
-112.88	0	1219.1	40	24.55	24.35	25.15	24.33	23.94
-112.88	0	1220.2	40	24.54	24.32	25.15	24.3	23.95
-116.98	0	1221.2	40	24.54	24.31	25.1	24.36	24.01
-106.62	0	1222.3	40	24.54	24.31	25.08	24.39	24.01
-273.15	0	1223.4	40	24.54	24.31	25.14	24.44	23.94
-116.98	0	1224.5	40	24.54	24.31	25.15	24.44	23.93
-107.7	0	1225.5	40	24.54	24.31	25.15	24.44	23.9
-116.98	0	1226.6	40	24.54	24.31	25.15	24.44	23.9
-116.98	0	1227.7	40	24.54	24.31	25.22	24.37	23.86
-109.01	0	1228.8	40	24.54	24.39	25.23	24.36	23.86
-273.15	0	1229.9	40	24.55	24.39	25.24	24.36	23.87
-116.98	0	1230.9	40	24.54	24.39	25.23	24.39	23.93
-107.7	0	1232	40	24.54	24.39	25.23	24.43	23.92
-116.98	0	1233.1	40	24.54	24.38	25.23	24.37	23.93
-112.88	0	1234.2	40	24.54	24.4	25.23	24.36	23.93
-110.65	0	1235.2	40	24.54	24.46	25.3	24.36	23.94
-112.88	0	1236.3	40	24.54	24.46	25.25	24.39	24.01
-112.88	0	1237.4	40	24.54	24.46	25.27	24.44	24.09
-116.98	0	1238.5	40	24.54	24.46	25.23	24.44	24.16
-106.62	0	1239.5	40	24.54	24.46	25.23	24.44	24.16
-112.88	0	1240.6	40	24.54	24.46	25.23	24.45	24.21
-116.98	0	1241.7	40	24.54	24.46	25.23	24.45	24.17
-273.15	0	1242.8	40	24.54	24.46	25.23	24.47	24.13
-107.7	0	1243.8	40	24.54	24.46	25.15	24.44	24.09
-110.65	0	1244.9	40	24.54	24.4	25.15	24.36	24.08
-273.15	0	1246	40	24.5	24.38	25.07	24.29	24.01
-107.7	0	1247.1	40	24.48	24.33	25.01	24.29	23.97
-116.98	0	1248.1	40	24.47	24.34	24.98	24.28	23.96
-116.98	0	1249.2	40	24.44	24.37	24.91	24.23	23.94
-107.7	0	1250.3	40	24.39	24.42	24.83	24.21	23.93
-116.98	0	1251.4	40	24.32	24.38	24.76	24.21	23.93
-112.88	0	1252.5	40	24.24	24.31	24.69	24.21	23.94
-112.88	0	1253.5	40	24.21	24.31	24.66	24.22	23.94
-105.6	0	1254.6	40	24.16	24.27	24.62	24.21	23.93
-112.88	0	1255.7	40	24.12	24.23	24.62	24.21	23.93
-112.88	0	1256.8	40	24.09	24.23	24.54	24.15	23.91
-273.15	0	1257.8	40	24.07	24.23	24.54	24.15	23.88
-112.88	0	1258.9	40	24.01	24.16	24.46	24.16	23.86
-105.6	0	1260	40	23.94	24.16	24.44	24.13	23.86
-106.62	0	1261.1	40	23.93	24.09	24.39	24.06	23.89
-112.88	0	1262.1	40	23.86	24.08	24.38	24.08	23.93
-112.88	0	1263.2	40	23.86	24.08	24.32	24.07	23.93
-112.88	0	1264.3	40	23.78	24.08	24.31	24.13	23.94
-112.88	0	1265.4	40	23.78	24.05	24.31	24.13	23.92
-112.88	0	1266.4	40	23.78	24.01	24.31	24.13	23.88
-112.88	0	1267.5	40	23.76	24.01	24.24	24.09	23.86
-105.6	0	1268.6	40	23.71	24.01	24.23	24.13	23.78
-106.62	0	1269.7	40	23.7	23.93	24.16	24.06	23.72
-116.98	0	1270.8	40	23.71	23.93	24.16	24.06	23.66
-273.15	0	1271.8	40	23.71	23.93	24.16	23.98	23.63
-109.01	0	1272.9	40	23.65	23.92	24.15	23.98	23.63
-273.15	0	1274	40	23.63	23.87	24.11	23.95	23.63
-107.7	0	1275.1	40	23.63	23.85	24.08	23.96	23.71
-273.15	0	1276.1	40	23.63	23.85	24.08	23.98	23.74
-109.01	0	1277.2	40	23.63	23.85	24.08	24	23.77
-273.15	0	1278.3	40	23.56	23.79	24.08	23.98	23.73
-116.98	0	1279.4	40	23.55	23.78	24.07	23.98	23.71
-107.7	0	1280.4	40	23.55	23.78	24.04	23.98	23.71
-110.65	0	1281.5	40	23.51	23.78	24.01	23.91	23.71
-273.15	0	1282.6	40	23.48	23.78	24.01	23.93	23.71
-273.15	0	1283.7	40	23.48	23.77	24.01	23.98	23.72
-110.65	0	1284.7	40	23.48	23.76	24	23.98	23.78
-273.15	0	1285.8	40	23.4	23.71	23.94	23.98	23.78
-107.7	0	1286.9	40	23.4	23.7	23.93	23.98	23.74
-109.01	0	1288	40	23.39	23.7	23.93	23.98	23.72
-110.65	0	1289	40	23.33	23.7	23.93	23.98	23.7
-116.98	0	1290.1	40	23.33	23.7	23.93	23.98	23.71
-273.15	0	1291.2	40	23.33	23.7	23.93	23.98	23.64
-116.98	0	1292.3	40	23.33	23.7	23.93	23.98	23.63
-110.65	0	1293.4	40	23.33	23.7	23.93	23.92	23.63
-273.15	0	1294.4	40	23.33	23.7	23.93	23.98	23.63
-107.7	0	1295.5	40	23.35	23.7	23.93	23.98	23.7
-273.15	0	1296.6	40	23.38	23.7	23.94	23.97	23.65
-112.88	0	1297.7	40	23.42	23.7	23.98	23.91	23.65
-116.98	0	1298.7	40	23.48	23.7	24	23.91	23.71
-116.98	0	1299.8	40	23.51	23.7	24.01	23.91	23.74
-109.01	0	1300.9	40	23.55	23.7	24.01	23.91	23.78
-273.15	0	1302	40	23.55	23.72	24.01	23.91	23.78
-116.98	0	1303	40	23.55	23.76	24.01	23.91	23.74
-112.88	0	1304.1	40	23.55	23.77	24.01	23.91	23.78
-273.15	0	1305.2	40	23.56	23.78	24.01	23.91	23.78
-116.98	0	1306.3	40	23.55	23.78	24.01	23.91	23.78
-106.62	0	1307.3	40	23.55	23.78	24.01	23.9	23.74
-116.98	0	1308.4	40	23.55	23.78	24.02	23.83	23.7
-106.62	0	1309.5	40	23.55	23.78	24.04	23.76	23.63
-110.65	0	1310.6	40	23.55	23.81	24.06	23.78	23.63
-273.15	0	1311.6	40	23.55	23.82	24.07	23.8	23.64
-107.7	0	1312.7	40	23.55	23.82	24.08	23.83	23.7
-273.15	0	1313.8	40	23.55	23.83	24.08	23.83	23.71
-116.98	0	1314.9	40	23.55	23.84	24.08	23.83	23.76
-107.7	0	1316	40	23.55	23.85	24.08	23.83	23.78
-112.88	0	1317	40	23.55	23.85	24.08	23.83	23.78
-273.15	0	1318.1	40	23.57	23.85	24.08	23.83	23.78
-273.15	0	1319.2	40	23.57	23.85	24.08	23.8	23.81
-107.7	0	1320.3	40	23.55	23.85	24.08	23.83	23.86
-116.98	0	1321.3	40	23.55	23.85	24.08	23.89	23.88
-110.65	0	1322.4	40	23.5	23.85	24.08	23.9	23.93
-116.98	0	1323.5	40	23.48	23.85	24.03	23.91	23.93
-116.98	0	1324.6	40	23.48	23.85	24.01	23.91	23.87
-273.15	0	1325.6	40	23.48	23.85	24.01	23.91	23.91
-116.98	0	1326.7	40	23.45	23.85	24.01	23.97	23.94
-89.25	0	1327.8	40	23.43	23.85	24.01	23.98	23.93
-88.98	0	1328.9	40	23.45	23.85	24	23.98	23.89
-94.28	0	1329.9	40	23.48	23.85	24	23.95	23.87
24.89	0	1331	40	23.4	23.1	23.76	23.89	23.82
24.97	0	1332.1	40	23.36	23.81	23.88	23.83	23.75
24.97	0	1333.2	40	23.35	23.84	23.87	23.82	23.77
25.01	0	1334.2	40	23.4	23.86	23.92	23.83	23.71
24.99	0	1335.3	40	23.41	23.91	23.93	23.83	23.74
25.02	0	1336.4	40	23.48	23.93	23.93	23.82	23.72
25.07	0	1337.5	40	23.55	24.01	24.01	23.91	23.71
25.09	0	1338.5	40	23.55	24.01	24.01	23.83	23.64
25.09	0	1339.6	40	23.55	24.01	24.01	23.83	23.62
25.09	0	1340.7	40	23.55	24.01	24.01	23.83	23.55
25.09	0	1341.8	40	23.51	24.01	24.01	23.77	23.47
25.09	0	1342.8	40	23.49	24.02	24	23.75	23.38
25.09	0	1343.9	40	23.48	24.02	23.98	23.68	23.32
25.09	0	1345	40	23.48	24.03	23.94	23.6	23.25
25.09	0	1346.1	40	23.48	24.04	23.94	23.53	23.23
25.09	0	1347.1	40	23.48	24.05	23.93	23.53	23.2
25.09	0	1348.2	40	23.46	24.06	23.93	23.53	23.19
25.09	0	1349.3	40	23.47	24.07	23.93	23.53	23.17
25.1	0	1350.4	40	23.48	24.08	23.93	23.53	23.18
25.09	0	1351.4	40	23.48	24.08	23.93	23.53	23.25
25.09	0	1352.5	40	23.49	24.08	23.94	23.6	23.33
25.09	0	1353.6	40	23.48	24.08	23.94	23.61	23.34
25.1	0	1354.7	40	23.48	24.08	23.94	23.68	23.39
25.1	0	1355.7	40	23.49	24.08	23.94	23.68	23.4
25.1	0	1356.8	40	23.5	24.08	23.95	23.75	23.41
25.1	0	1357.9	40	23.49	24.08	23.96	23.83	23.41
25.1	0	1358.9	40	23.49	24.08	23.97	23.84	23.48
25.1	0	1360	40	23.49	24.08	23.97	23.91	23.48
25.1	0	1361.1	40	23.48	24.08	23.96	23.91	23.47
25.1	0	1362.2	40	23.48	24.08	23.95	23.83	23.4
25.1	0	1363.2	40	23.48	24.06	23.94	23.76	23.4
25.1	0	1364.3	40	23.48	24.05	23.94	23.75	23.41
25.09	0	1365.4	40	23.47	24.05	23.93	23.74	23.48
25.09	0	1366.5	40	23.43	24.05	23.93	23.7	23.48
25.09	0	1367.5	40	23.41	24.05	23.93	23.68	23.48
25.09	0	1368.6	40	23.41	24.05	23.93	23.68	23.55
25.08	0	1369.7	40	23.41	24.05	23.93	23.68	23.49
25.08	149	1370.8	40	23.41	24.05	23.91	23.67	23.48
25.08	149	1371.9	40	23.41	24.03	23.87	23.61	23.48
25.07	149	1372.9	40	23.4	24.02	23.86	23.61	23.48
25.07	149	1374	40	23.4	24.01	23.85	23.67	23.52
25.07	149	1375.1	40	23.34	24.01	23.85	23.68	23.54
25.07	-255	1376.2	40	23.33	24.01	23.85	23.68	23.55
25.07	-255	1377.3	40	23.33	24.01	23.85	23.68	23.55
25.06	-255	1378.4	40	23.3	24.01	23.85	23.68	23.55
25.06	-255	1379.4	40	23.26	24.01	23.8	23.73	23.55
25.06	-255	1380.5	40	23.25	24.01	23.79	23.75	23.55
25.06	-255	1381.6	40	23.25	24.01	23.78	23.76	23.55
25.06	-255	1382.7	40	23.25	24.01	23.78	23.76	23.56
25.06	-255	1383.7	40	23.25	24.01	23.78	23.78	23.57
25.06	149	1384.8	40	23.25	24.01	23.78	23.83	23.56
25.06	165	1385.9	40	23.25	24.01	23.78	23.8	23.55
25.06	181	1386.9	40	23.25	24.01	23.77	23.76	23.55
25.06	197	1388	40	23.25	24.01	23.76	23.78	23.55
25.06	213	1389.1	40	23.25	24.01	23.75	23.76	23.5
25.06	230	1390.2	40	23.25	24.01	23.73	23.76	23.55
25.06	246	1391.2	40	23.25	24.01	23.71	23.83	23.55
25.06	255	1392.3	40	23.25	24.01	23.71	23.83	23.55
25.06	255	1393.4	40	23.24	24.01	23.71	23.83	23.55
25.06	255	1394.5	40	23.24	24.01	23.7	23.83	23.55
