Temperature	PWM	Time	Set Temperature	T1	T2	T3	T4	T5

Mode	time	PWM	Heat/Cool	K_p	K_I	Set Temp	Reset Int	Sin amplitude	Sin period
P/I	5.7	0	1		0.0	0.0	20.0		1		0.0		60.0

Mode	time	PWM	Heat/Cool	K_p	K_I	Set Temp	Reset Int	Sin amplitude	Sin period
P/I	18.7	0	1		10.0	0.0	20.0		1		0.0		60.0

Mode	time	PWM	Heat/Cool	K_p	K_I	Set Temp	Reset Int	Sin amplitude	Sin period
P/I	24.7	0	1		10.0	1.0	20.0		1		0.0		60.0

Mode	time	PWM	Heat/Cool	K_p	K_I	Set Temp	Reset Int	Sin amplitude	Sin period
P/I	38.8	0	1		10.0	1.0	60.0		1		0.0		60.0

Mode	time	PWM	Heat/Cool	K_p	K_I	Set Temp	Reset Int	Sin amplitude	Sin period
P/I	76.2	157	-1		10.0	1.0	60.0		0		0.0		60.0

Mode	time	PWM	Heat/Cool	K_p	K_I	Set Temp	Reset Int	Sin amplitude	Sin period
P/I	98.5	164	1		10.0	1.0	60.0		0		0.0		60.0

Mode	time	PWM	Heat/Cool	K_p	K_I	Set Temp	Reset Int	Sin amplitude	Sin period
P/I	110.3	139	1		10.0	1.0	50.0		1		0.0		60.0

Mode	time	PWM	Heat/Cool	K_p	K_I	Set Temp	Reset Int	Sin amplitude	Sin period
P/I	119.9	50	1		10.0	1.0	50.0		0		0.0		60.0

	23.68	25.19
35.08	0	17.7	35	35.66	33.62	25.12	23.68	25.28
34.92	0	18.7	35	35.55	34.26	25.05	23.71	25.33
34.76	0	19.7	35	35.44	34.62	25.04	23.71	25.41
34.6	0	20.7	35	35.33	34.8	24.93	23.7	25.36
34.45	0	21.7	35	35.21	34.87	24.85	23.72	25.26
34.3	0	22.7	35	35.11	34.9	24.77	23.71	25.19
34.15	0	23.7	35	34.99	34.88	24.79	23.71	25.17
34.01	0	24.7	35	34.87	34.81	24.73	23.72	25.17
33.87	0	25.7	35	34.76	34.74	24.66	23.78	25.12
33.74	0	26.7	35	34.66	34.67	24.57	23.84	25.02
33.61	0	27.7	35	34.55	34.59	24.53	23.87	24.94
33.47	0	28.7	35	34.44	34.52	24.6	23.88	24.98
33.35	0	29.7	35	34.34	34.43	27.82	23.92	25.19
33.22	0	30.7	35	34.24	34.34	31.11	23.97	25.25
33.09	0	31.7	35	34.14	34.25	32.36	24.02	25.29
32.97	0	32.8	35	34.04	34.17	33.1	24.02	25.29
32.85	0	33.8	35	33.95	34.09	33.46	24.04	25.21
32.73	0	34.8	35	33.85	34	33.65	24.08	25.19
32.62	0	35.8	35	33.76	33.92	33.75	24.14	26.29
32.51	0	36.8	35	33.66	33.82	33.76	24.19	27.9
32.39	0	37.8	35	33.56	33.72	33.74	24.24	29.29
32.29	0	38.8	35	33.46	33.63	33.71	24.28	30.53
32.18	0	39.8	35	33.37	33.55	33.66	24.34	31.93
32.07	0	40.8	35	33.28	33.47	33.6	24.38	32.51
31.97	0	41.8	35	33.19	33.39	33.55	24.44	32.87
31.86	0	42.8	35	33.1	33.32	33.48	24.48	33.12
31.76	0	43.8	35	33.02	33.24	33.42	24.5	33.25
31.66	0	44.8	35	32.93	33.16	33.34	24.43	33.32
31.57	0	45.8	35	32.84	33.08	33.26	24.37	33.33
31.47	0	46.8	35	32.76	33.01	33.2	24.31	33.32
31.38	0	47.8	35	32.67	32.93	33.13	24.25	33.29
31.29	0	48.8	35	32.59	32.85	33.06	24.38	33.24
31.19	0	49.8	35	32.51	32.77	33	24.46	33.02
31.1	0	50.8	35	32.43	32.69	32.93	24.48	32.89
31.01	0	51.8	35	32.35	32.62	32.85	24.5	32.9
30.93	0	52.8	35	32.27	32.54	32.78	24.73	32.9
30.84	0	53.8	35	32.19	32.47	32.72	27.97	32.89
30.76	0	54.8	35	32.12	32.4	32.66	29.83	32.89
30.68	0	55.8	35	32.04	32.33	32.59	31.02	32.86
30.6	0	56.8	35	31.96	32.25	32.52	31.56	32.82
30.52	0	57.8	35	31.89	32.17	32.44	31.2	32.78
30.44	0	58.8	35	31.81	32.1	32.37	31.41	32.73
30.36	0	59.8	35	31.74	32.03	32.3	31.7	32.69
30.28	0	60.8	35	31.67	31.96	32.24	31.73	32.65
30.21	0	61.8	35	31.59	31.89	32.17	31.8	32.6
30.13	0	62.8	35	31.52	31.82	32.1	31.75	32.55
30.06	0	63.8	35	31.45	31.75	32.04	31.74	32.49
29.99	0	64.8	35	31.38	31.69	31.97	31.72	32.44
29.91	0	65.8	35	31.3	31.62	31.91	31.74	32.38
29.85	0	66.8	35	31.23	31.55	31.84	31.71	32.33
29.78	0	67.8	35	31.17	31.49	31.78	31.67	32.28
29.71	0	68.8	35	31.09	31.42	31.71	31.63	32.21
29.64	0	69.8	20	31.03	31.35	31.66	31.58	32.16
29.57	0	70.9	20	30.96	31.28	31.59	31.51	32.11
29.5	0	71.9	20	30.89	31.21	31.53	31.59	32.05
29.43	0	73	20	30.82	31.15	31.47	31.54	32
29.37	-94	74	20	30.76	31.09	31.42	31.5	31.95
29.23	-92	75.1	20	30.68	31.02	31.34	31.49	31.89
28.79	-157	76.2	20	30.61	30.96	31.29	31.44	31.83
28.25	-160	77.2	20	30.53	30.88	31.22	31.38	31.77
27.49	-161	78.3	20	30.43	30.81	31.15	31.32	31.72
26.72	-160	79.4	20	30.3	30.72	31.09	31.28	31.67
25.98	255	80.4	60	30.14	30.6	31	31.22	31.62
25.62	255	81.5	60	29.94	30.45	30.89	31.14	31.54
27.97	255	82.5	60	29.74	30.29	30.77	31.07	31.48
31.1	255	83.6	60	29.6	30.14	30.64	30.98	31.42
34.24	255	84.7	60	29.6	30.05	30.54	30.9	31.35
37.21	255	85.7	60	29.78	30.09	30.49	30.82	31.28
39.89	255	86.8	60	30.11	30.25	30.51	30.76	31.22
42.32	255	87.9	60	30.57	30.52	30.62	30.74	31.17
44.52	255	88.9	60	31.14	30.88	30.81	30.75	31.13
46.51	255	90	60	31.78	31.32	31.05	30.8	31.12
48.33	117	91	60	32.48	31.82	31.36	30.88	31.13
49.97	111	92.1	60	33.25	32.37	31.73	31.03	31.18
50.4	117	93.2	60	34.01	32.95	32.11	31.19	31.24
50.32	128	94.2	60	34.78	33.52	32.52	31.39	31.33
50.18	140	95.3	60	35.48	34.08	32.95	31.6	31.44
50.19	150	96.4	60	36.11	34.61	33.37	31.84	31.57
50.39	159	97.4	60	36.67	35.1	33.77	32.1	31.73
50.79	164	98.5	60	37.19	35.54	34.15	32.35	31.89
51.35	168	99.6	60	37.66	35.95	34.5	32.62	32.05
51.97	80	100.6	60	38.13	36.34	34.84	32.87	32.23
52.67	81	101.7	60	38.61	36.76	35.19	33.16	32.44
52.65	89	102.8	60	39.06	37.15	35.53	33.42	32.64
52.39	100	103.8	60	39.49	37.54	35.85	33.68	32.84
52.16	111	104.9	60	39.88	37.9	36.18	33.94	33.03
52.1	120	106	60	40.23	38.23	36.48	34.19	33.23
52.19	127	107	60	40.53	38.53	36.76	34.44	33.42
52.49	132	108.1	60	40.82	38.81	37.04	34.68	33.62
52.83	136	109.2	60	41.08	39.08	37.3	34.92	33.81
53.29	139	110.3	60	41.36	39.33	37.55	35.13	34
53.83	29	111.3	50	41.63	39.6	37.78	35.36	34.19
54.34	20	112.4	50	41.94	39.88	38.05	35.6	34.4
53.92	20	113.5	50	42.23	40.14	38.27	35.8	34.57
53.13	24	114.5	50	42.49	40.39	38.5	36	34.75
52.26	31	115.6	50	42.72	40.63	38.72	36.2	34.92
51.49	37	116.7	50	42.87	40.81	38.93	36.4	35.09
50.84	42	117.7	50	42.97	40.96	39.1	36.41	35.25
50.36	47	118.8	50	43.03	41.06	39.24	36.75	35.41
50.04	50	119.9	50	43.05	41.12	39.36	36.9	35.57
49.8	2	120.9	50	43.05	41.15	39.45	37.03	35.73
49.61	4	122	50	43.05	41.19	39.52	37.15	35.88
49.09	10	123.1	50	43.03	41.2	39.59	37.25	36
48.46	18	124.1	50	43.01	41.22	39.64	37.36	36.11
47.89	26	125.2	50	42.95	41.23	39.7	37.44	36.21
47.44	34	126.2	50	42.88	41.22	39.72	37.5	36.3
47.13	40	127.3	50	42.78	41.18	39.73	37.57	36.38
46.95	45	128.4	50	42.67	41.12	39.73	37.62	36.46
46.89	49	129.4	50	42.57	41.07	39.73	37.56	36.52
46.88	52	130.5	50	42.47	41.01	39.72	37.61	36.59
46.94	55	131.6	50	42.39	40.96	39.7	37.64	36.66
47.03	57	132.6	50	42.33	40.91	39.69	37.67	36.72
47.14	59	133.7	50	42.25	40.87	39.67	37.71	36.77
47.26	61	134.8	50	42.21	40.84	39.67	37.74	36.82
47.39	62	135.8	50	42.18	40.82	39.67	37.76	36.86
47.51	64	136.9	50	42.15	40.8	39.67	37.79	36.9
47.65	65	137.9	50	42.15	40.81	39.68	37.82	36.95
47.79	66	139	50	42.16	40.83	39.7	37.84	37
47.92	67	140.1	50	42.17	40.84	39.72	37.88	37.04
48.07	67	141.1	50	42.2	40.87	39.75	37.9	37.08
48.2	68	142.2	50	42.23	40.9	39.77	38.01	37.11
48.32	68	143.3	50	42.27	40.93	39.8	38.03	37.15
48.44	69	144.3	50	42.31	40.98	39.82	38.06	37.18
48.56	69	145.4	50	42.36	41.01	39.87	38.09	37.22
48.68	69	146.5	50	42.41	41.07	39.91	38.12	37.26
48.79	70	147.5	50	42.46	41.11	39.96	38.17	37.3
48.89	70	148.6	50	42.51	41.17	40.01	38.22	37.35
49	70	149.6	50	42.58	41.23	40.06	38.27	37.38
49.09	70	150.7	50	42.64	41.28	40.1	38.3	37.41
49.19	70	151.8	50	42.69	41.33	40.15	38.35	37.45
49.28	69	152.8	50	42.76	41.37	40.19	38.39	37.49
49.38	69	153.9	50	42.82	41.42	40.25	38.43	37.52
49.46	69	155	50	42.88	41.49	40.29	38.47	37.56
49.52	69	156	50	42.95	41.55	40.35	38.5	37.58
49.59	69	157.1	50	43.02	41.62	40.4	38.52	37.61
49.65	68	158.2	50	43.09	41.69	40.47	38.57	37.65
49.71	68	159.2	50	43.15	41.76	40.53	38.59	37.68
49.77	68	160.3	50	43.22	41.83	40.58	38.61	37.71
49.82	67	161.4	50	43.29	41.89	40.63	38.68	37.75
49.87	67	162.4	50	43.36	41.97	40.7	38.73	37.79
49.91	67	163.5	50	43.42	42.04	40.75	38.77	37.83
49.94	67	164.5	50	43.48	42.1	40.81	38.81	37.87
49.97	66	165.6	50	43.54	42.15	40.86	38.85	37.92
50.01	66	166.7	50	43.59	42.19	40.91	38.9	37.96
50.05	65	167.7	50	43.64	42.23	40.96	38.93	38.01
50.08	65	168.8	50	43.69	42.28	41.02	38.98	38.05
50.08	65	169.9	50	43.73	42.32	41.05	39.03	38.1
50.12	64	170.9	50	43.78	42.38	41.1	39.07	38.15
50.1	64	172	50	43.82	42.42	41.13	39.12	38.18
50.12	64	173.1	50	43.86	42.45	41.17	39.15	38.22
50.14	64	174.1	50	43.9	42.5	41.22	39.21	38.28
50.14	64	175.2	50	43.95	42.56	41.27	39.26	38.33
50.17	63	176.3	50	43.98	42.58	41.32	39.32	38.38
50.18	63	177.3	50	44.02	42.62	41.36	39.36	38.44
50.2	62	178.4	50	44.05	42.65	41.41	39.41	38.49
50.19	62	179.5	50	44.08	42.67	41.43	39.45	38.55
50.2	62	180.5	50	44.12	42.72	41.46	39.49	38.59
50.19	62	181.6	50	44.14	42.74	41.5	39.53	38.64
50.18	62	182.6	50	44.16	42.76	41.53	39.58	38.69
50.17	62	183.7	50	44.2	42.8	41.56	39.64	38.74
50.17	62	184.8	50	44.22	42.82	41.61	39.68	38.79
50.19	61	185.8	50	44.25	42.86	41.65	39.74	38.84
50.19	61	186.9	50	44.28	42.89	41.68	39.8	38.89
50.18	61	188	50	44.3	42.91	41.72	39.84	38.93
50.18	61	189	50	44.32	42.94	41.74	39.87	38.97
50.18	60	190.1	50	44.35	42.96	41.77	39.9	39.01
50.15	61	191.2	50	44.35	42.98	41.79	39.93	39.04
50.16	60	192.2	50	44.37	42.98	41.82	39.95	39.07
50.15	60	193.3	50	44.39	43.01	41.84	39.98	39.11
50.15	60	194.4	50	44.42	43.06	41.88	40.03	39.15
50.13	60	195.4	50	44.44	43.08	41.91	40.04	39.18
50.13	60	196.5	50	44.45	43.1	41.92	40.06	39.2
50.13	60	197.6	50	44.47	43.12	41.94	40.07	39.21
50.12	60	198.6	50	44.48	43.13	41.96	40.09	39.23
50.11	60	199.7	50	44.48	43.15	41.98	40.13	39.26
50.11	60	200.8	50	44.49	43.18	42.02	40.17	39.29
50.09	60	201.8	50	44.51	43.21	42.05	40.2	39.33
50.08	60	202.9	50	44.53	43.23	42.08	40.24	39.35
50.1	60	203.9	50	44.53	43.25	42.11	40.28	39.37
50.09	60	205	50	44.55	43.28	42.14	40.3	39.39
50.07	60	206.1	50	44.56	43.3	42.15	40.31	39.4
50.11	59	207.1	50	44.58	43.31	42.16	40.3	39.4
50.11	59	208.2	50	44.6	43.31	42.17	40.3	39.41
50.11	59	209.3	50	44.61	43.33	42.17	40.29	39.42
50.09	59	210.3	50	44.62	43.33	42.18	40.28	39.43
50.08	59	211.4	50	44.64	43.35	42.19	40.29	39.44
50.07	59	212.5	50	44.64	43.36	42.22	40.3	39.46
50.06	59	213.5	50	44.65	43.36	42.23	40.31	39.47
50.05	59	214.6	50	44.66	43.38	42.26	40.34	39.5
50.04	59	215.7	50	44.67	43.38	42.27	40.36	39.54
50.03	59	216.7	50	44.67	43.39	42.29	40.39	39.57
50.04	59	217.8	50	44.68	43.39	42.29	40.41	39.6
50.02	59	218.9	50	44.68	43.39	42.3	40.45	39.64
50.01	59	219.9	50	44.68	43.38	42.31	40.48	39.67
50.01	59	221	50	44.69	43.38	42.32	40.5	39.69
50.02	59	222.1	50	44.69	43.39	42.33	40.52	39.73
50	59	223.1	50	44.7	43.4	42.35	40.54	39.75
50	59	224.2	50	44.7	43.4	42.36	40.56	39.77
49.99	60	225.2	50	44.71	43.41	42.37	40.57	39.8
49.97	60	226.3	50	44.71	43.4	42.37	40.58	39.81
49.99	60	227.4	50	44.71	43.41	42.37	40.59	39.84
50	60	228.4	50	44.72	43.41	42.38	40.63	39.86
49.99	60	229.5	50	44.73	43.43	42.4	40.66	39.87
50.02	59	230.6	50	44.74	43.46	42.42	40.67	39.89
50.02	59	231.6	50	44.75	43.5	42.44	40.69	39.89
50.02	59	232.7	50	44.76	43.51	42.45	40.69	39.9
50.03	59	233.8	50	44.76	43.52	42.46	40.7	39.91
50.03	59	234.8	50	44.77	43.52	42.48	40.72	39.92
50.01	59	235.9	50	44.78	43.54	42.48	40.73	39.93
50.02	59	237	50	44.79	43.54	42.49	40.73	39.96
50.01	59	238	50	44.79	43.56	42.51	40.74	39.97
50.01	59	239.1	50	44.81	43.57	42.52	40.76	39.98
50	59	240.1	50	44.8	43.6	42.53	40.76	39.99
50.01	59	241.2	50	44.81	43.61	42.55	40.77	40
50.01	59	242.3	50	44.82	43.63	42.56	40.79	40.02
50.01	59	243.3	50	44.82	43.63	42.57	40.8	40.03
50	59	244.4	50	44.82	43.62	42.57	40.82	40.05
50	59	245.5	50	44.82	43.62	42.57	40.84	40.07
49.98	60	246.5	50	44.84	43.61	42.57	40.85	40.09
49.99	60	247.6	50	44.85	43.6	42.59	40.87	40.11
50.01	59	248.7	50	44.84	43.6	42.59	40.88	40.13
50	59	249.7	50	44.85	43.62	42.6	40.92	40.14
50.02	59	250.8	50	44.85	43.63	42.62	40.93	40.17
50.01	59	251.9	50	44.87	43.63	42.62	40.94	40.18
50.01	59	252.9	50	44.87	43.64	42.62	40.97	40.2
50.02	59	254	50	44.88	43.64	42.64	40.97	40.2
50.01	59	255.1	50	44.88	43.66	42.64	40.97	40.2
50	59	256.1	50	44.88	43.66	42.65	40.97	40.21
50	59	257.2	50	44.89	43.66	42.64	40.97	40.21
50.01	59	258.2	50	44.89	43.66	42.65	40.98	40.22
50	59	259.3	50	44.89	43.66	42.65	40.98	40.24
50	59	260.4	50	44.91	43.66	42.65	40.98	40.25
50	59	261.4	50	44.9	43.67	42.66	40.98	40.26
49.98	60	262.5	50	44.91	43.67	42.66	40.99	40.27
49.99	59	263.6	50	44.91	43.67	42.67	41	40.27
50.02	59	264.6	50	44.92	43.68	42.68	41.02	40.28
50.02	59	265.7	50	44.92	43.69	42.7	41.02	40.29
50.02	59	266.8	50	44.93	43.7	42.7	41.02	40.3
50.02	59	267.8	50	44.94	43.71	42.71	41.02	40.31
50.02	59	268.9	50	44.94	43.71	42.71	41.03	40.3
50.03	59	270	50	44.94	43.72	42.72	41.02	40.32
50.01	59	271	50	44.95	43.71	42.72	41.05	40.33
50.03	59	272.1	50	44.95	43.72	42.73	41.07	40.35
50.01	59	273.2	50	44.96	43.72	42.74	41.09	40.35
50.02	59	274.2	50	44.95	43.73	42.75	41.12	40.35
50.01	59	275.3	50	44.96	43.76	42.78	41.13	40.34
50.01	59	276.3	50	44.97	43.77	42.78	41.13	40.35
50.02	59	277.4	50	44.97	43.77	42.78	41.13	40.35
50.02	59	278.5	50	44.97	43.78	42.79	41.13	40.37
50.02	59	279.5	50	44.98	43.78	42.8	41.16	40.38
50.02	59	280.6	50	44.98	43.79	42.82	41.17	40.4
50.01	59	281.7	50	44.98	43.8	42.82	41.18	40.4
50.01	59	282.7	50	44.98	43.8	42.83	41.18	40.4
50.01	59	283.8	50	44.99	43.81	42.83	41.18	40.41
50.02	59	284.9	50	45	43.81	42.83	41.17	40.42
50.01	59	285.9	50	45	43.81	42.84	41.17	40.41
50	59	287	50	45.01	43.82	42.84	41.18	40.44
50.01	59	288.1	50	45.01	43.83	42.85	41.19	40.43
50.01	59	289.1	50	45.01	43.83	42.85	41.2	40.45
50.01	59	290.2	50	45.01	43.84	42.86	41.21	40.45
50	59	291.3	50	45.02	43.85	42.87	41.22	40.47
50.02	59	292.3	50	45.02	43.86	42.9	41.24	40.48
50.02	59	293.4	50	45.03	43.87	42.91	41.26	40.48
50	59	294.5	50	45.04	43.87	42.91	41.27	40.5
50.02	59	295.5	50	45.05	43.88	42.92	41.28	40.51
50.02	59	296.6	50	45.05	43.89	42.93	41.29	40.53
50.02	59	297.6	50	45.06	43.89	42.93	41.29	40.54
50.03	59	298.7	50	45.07	43.9	42.93	41.3	40.56
50.02	59	299.8	50	45.08	43.92	42.95	41.31	40.57
50.03	58	300.8	50	45.08	43.93	42.95	41.31	40.58
50.02	59	301.9	50	45.08	43.92	42.95	41.31	40.6
50.01	59	303	50	45.1	43.92	42.95	41.33	40.61
50.02	58	304	50	45.09	43.91	42.95	41.34	40.63
50.02	58	305.1	50	45.09	43.91	42.96	41.35	40.64
50.02	58	306.2	50	45.1	43.91	42.97	41.35	40.65
50.01	59	307.2	50	45.1	43.91	42.98	41.37	40.66
50	59	308.3	50	45.11	43.92	42.98	41.38	40.67
50	59	309.4	50	45.12	43.92	42.99	41.38	40.68
50.01	58	310.4	50	45.12	43.92	42.98	41.37	40.68
50.01	58	311.5	50	45.12	43.91	42.99	41.36	40.69
50.01	59	312.6	50	45.13	43.91	42.98	41.36	40.69
50	59	313.6	50	45.13	43.92	42.99	41.35	40.7
50	59	314.7	50	45.13	43.92	42.98	41.33	40.7
50.01	59	315.7	50	45.13	43.92	42.98	41.33	40.69
50.02	58	316.8	50	45.13	43.93	42.98	41.33	40.69
50.01	58	317.9	50	45.13	43.92	42.98	41.33	40.7
49.99	59	318.9	50	45.13	43.93	42.99	41.35	40.71
50.01	58	320	50	45.14	43.94	43	41.36	40.72
50.02	58	321.1	50	45.14	43.96	43.02	41.36	40.71
50	59	322.1	50	45.15	43.98	43.02	41.37	40.71
50	59	323.2	50	45.15	43.98	43.04	41.38	40.72
50.01	58	324.3	50	45.15	43.99	43.05	41.39	40.74
50.01	58	325.3	50	45.15	43.99	43.05	41.41	40.75
50.01	58	326.4	50	45.16	44.01	43.07	41.42	40.75
50.01	58	327.5	50	45.16	44.01	43.07	41.43	40.75
49.99	59	328.5	50	45.16	44.03	43.09	41.46	40.76
50	58	329.6	50	45.18	44.05	43.11	41.49	40.77
50	59	330.7	50	45.17	44.05	43.11	41.49	40.78
50	59	331.7	50	45.18	44.06	43.12	41.52	40.81
50.02	58	332.8	50	45.17	44.05	43.13	41.52	40.81
50	59	333.8	50	45.18	44.06	43.13	41.54	40.8
50.02	58	334.9	50	45.18	44.07	43.14	41.52	40.79
50.03	58	336	50	45.19	44.08	43.14	41.51	40.79
50.02	58	337	50	45.2	44.1	43.14	41.52	40.8
50.01	58	338.1	50	45.2	44.11	43.16	41.53	40.81
49.99	59	339.2	50	45.21	44.11	43.17	41.54	40.82
50.01	58	340.2	50	45.22	44.13	43.19	41.55	40.84
50	58	341.3	50	45.23	44.12	43.18	41.55	40.85
49.99	59	342.4	50	45.22	44.11	43.18	41.53	40.85
49.99	59	343.4	50	45.23	44.12	43.18	41.53	40.85
50	58	344.5	50	45.23	44.13	43.17	41.51	40.86
50	58	345.6	50	45.23	44.12	43.16	41.51	40.86
50.01	58	346.6	50	45.23	44.12	43.17	41.51	40.87
50.01	58	347.7	50	45.23	44.11	43.17	41.52	40.88
50	58	348.8	50	45.23	44.12	43.18	41.54	40.9
50	58	349.8	50	45.24	44.11	43.18	41.54	40.91
49.99	59	350.9	50	45.24	44.1	43.18	41.55	40.92
50	58	351.9	50	45.24	44.11	43.18	41.54	40.93
49.99	59	353	50	45.24	44.1	43.18	41.55	40.94
50	58	354.1	50	45.25	44.1	43.19	41.56	40.94
49.99	59	355.1	50	45.25	44.1	43.18	41.57	40.94
50	58	356.2	50	45.26	44.1	43.18	41.57	40.95
50	58	357.3	50	45.25	44.09	43.18	41.58	40.96
49.99	59	358.3	50	45.25	44.1	43.18	41.59	40.96
50	58	359.4	50	45.26	44.1	43.18	41.58	40.97
49.99	59	360.5	50	45.25	44.1	43.19	41.57	40.97
50.01	58	361.5	50	45.26	44.1	43.19	41.57	40.98
50	58	362.6	50	45.26	44.11	43.2	41.58	40.97
50.01	58	363.7	50	45.25	44.12	43.2	41.58	40.97
49.99	59	364.7	50	45.26	44.11	43.19	41.58	40.98
50.01	58	365.8	50	45.27	44.11	43.2	41.59	40.98
49.98	59	366.8	50	45.25	44.1	43.2	41.58	40.98
50	58	367.9	50	45.27	44.12	43.22	41.61	40.98
50.01	58	369	50	45.26	44.13	43.22	41.61	40.99
50	58	370	50	45.27	44.14	43.23	41.62	40.99
50.01	58	371.1	50	45.27	44.15	43.24	41.64	41
50.01	58	372.2	50	45.27	44.16	43.26	41.66	41.01
50	58	373.2	50	45.28	44.16	43.27	41.67	41.02
50	58	374.3	50	45.27	44.16	43.28	41.67	41
50	58	375.4	50	45.27	44.19	43.28	41.66	40.99
49.99	59	376.4	50	45.28	44.21	43.29	41.65	40.98
50.01	58	377.5	50	45.28	44.21	43.3	41.65	41
50	58	378.6	50	45.29	44.21	43.29	41.66	41
50	58	379.6	50	45.29	44.21	43.31	41.68	41.03
49.97	59	380.7	50	45.3	44.22	43.31	41.7	41.05
50.01	58	381.7	50	45.3	44.21	43.31	41.71	41.07
50	58	382.8	50	45.31	44.21	43.32	41.74	41.08
50.01	58	383.9	50	45.31	44.19	43.31	41.73	41.09
49.99	59	384.9	50	45.3	44.19	43.31	41.73	41.09
50	59	386	50	45.31	44.19	43.3	41.73	41.1
50.01	58	387.1	50	45.31	44.19	43.31	41.71	41.09
49.99	59	388.1	50	45.31	44.2	43.29	41.69	41.06
50.01	58	389.2	50	45.32	44.22	43.31	41.67	41.05
50.01	58	390.3	50	45.32	44.25	43.31	41.66	41.03
50.01	58	391.3	50	45.34	44.27	43.32	41.67	41.03
50.02	58	392.4	50	45.35	44.28	43.33	41.68	41.05
50.02	58	393.5	50	45.35	44.27	43.34	41.69	41.07
50.02	58	394.5	50	45.35	44.27	43.35	41.71	41.09
50.02	58	395.6	50	45.35	44.27	43.37	41.74	41.11
50.02	58	396.7	50	45.36	44.27	43.37	41.77	41.13
50.03	58	397.7	50	45.36	44.27	43.38	41.78	41.15
50.02	58	398.8	50	45.36	44.27	43.38	41.79	41.15
50.02	58	399.8	50	45.36	44.27	43.37	41.78	41.15
50.02	58	400.9	50	45.36	44.27	43.38	41.78	41.13
50.02	58	402	50	45.37	44.27	43.38	41.78	41.12
50.02	58	403	50	45.37	44.28	43.39	41.78	41.11
50.01	58	404.1	50	45.38	44.3	43.41	41.78	41.12
50.02	58	405.2	50	45.38	44.31	43.41	41.77	41.12
50.01	58	406.2	50	45.38	44.31	43.4	41.75	41.11
50.01	58	407.3	50	45.38	44.31	43.4	41.75	41.12
50.02	58	408.4	50	45.38	44.32	43.4	41.76	41.13
49.99	58	409.4	50	45.38	44.32	43.41	41.75	41.14
50.01	58	410.5	50	45.38	44.32	43.41	41.76	41.14
49.99	58	411.6	50	45.39	44.33	43.41	41.76	41.14
50	58	412.6	50	45.39	44.34	43.41	41.74	41.13
50.01	58	413.7	50	45.4	44.34	43.42	41.75	41.13
50	58	414.8	50	45.39	44.35	43.44	41.78	41.14
50.01	58	415.8	50	45.41	44.37	43.43	41.79	41.15
50.02	58	416.9	50	45.41	44.36	43.44	41.79	41.15
50.01	58	418	50	45.41	44.36	43.45	41.79	41.16
50.03	58	419	50	45.41	44.35	43.45	41.81	41.18
50.02	58	420.1	50	45.41	44.35	43.46	41.83	41.19
50.01	58	421.1	50	45.41	44.35	43.46	41.83	41.2
50.01	58	422.2	50	45.42	44.37	43.46	41.83	41.21
50.02	58	423.3	50	45.41	44.36	43.46	41.82	41.21
50.02	58	424.3	50	45.42	44.37	43.47	41.83	41.21
50.01	58	425.4	50	45.42	44.37	43.46	41.82	41.22
50.01	58	426.5	50	45.43	44.37	43.46	41.83	41.21
50.03	58	427.5	50	45.43	44.36	43.47	41.83	41.22
50.01	58	428.6	50	45.43	44.35	43.47	41.87	41.23
50.02	58	429.7	50	45.43	44.37	43.48	41.87	41.25
50.01	58	430.7	50	45.42	44.35	43.5	41.89	41.27
50.02	58	431.8	50	45.44	44.37	43.49	41.9	41.29
50.01	58	432.9	50	45.43	44.36	43.5	41.9	41.3
50.03	58	433.9	50	45.43	44.37	43.51	41.91	41.3
50.02	58	435	50	45.43	44.37	43.49	41.9	41.29
50.01	58	436.1	50	45.44	44.38	43.49	41.89	41.29
50.04	57	437.1	50	45.44	44.38	43.49	41.88	41.31
50.01	58	438.2	50	45.44	44.39	43.49	41.89	41.32
50.03	57	439.2	50	45.44	44.38	43.5	41.9	41.32
50.01	58	440.3	50	45.45	44.41	43.5	41.9	41.31
50.01	58	441.4	50	45.46	44.4	43.5	41.9	41.31
50.01	58	442.4	50	45.44	44.4	43.52	41.9	41.32
49.97	58	443.5	50	45.44	44.4	43.52	41.89	41.33
50.01	58	444.6	50	45.45	44.39	43.51	41.9	41.32
49.99	58	445.6	50	45.44	44.39	43.51	41.9	41.34
50.02	57	446.7	50	45.45	44.38	43.51	41.91	41.34
50	58	447.8	50	45.46	44.41	43.52	41.92	41.34
50.01	58	448.8	50	45.45	44.4	43.52	41.93	41.35
49.99	58	449.9	50	45.46	44.41	43.52	41.95	41.35
50.01	58	451	50	45.45	44.4	43.53	41.95	41.37
50.01	58	452	50	45.45	44.39	43.53	41.95	41.38
50.02	57	453.1	50	45.46	44.38	43.53	41.96	41.4
50.03	57	454.2	50	45.45	44.38	43.54	41.98	41.43
50.01	58	455.2	50	45.45	44.38	43.53	41.99	41.43
49.98	58	456.3	50	45.46	44.37	43.52	42	41.43
49.99	58	457.3	50	45.46	44.36	43.53	42.01	41.44
49.99	58	458.4	50	45.46	44.37	43.53	42.02	41.45
49.98	58	459.5	50	45.46	44.37	43.54	42.03	41.44
50	58	460.5	50	45.46	44.37	43.53	42.04	41.45
49.98	58	461.6	50	45.46	44.36	43.54	42.05	41.45
49.98	58	462.7	50	45.46	44.36	43.55	42.03	41.46
49.97	58	463.7	50	45.47	44.37	43.54	42.05	41.47
49.99	58	464.8	50	45.46	44.36	43.55	42.04	41.47
49.98	58	465.9	50	45.46	44.37	43.54	42.04	41.47
50	58	466.9	50	45.46	44.36	43.55	42.04	41.47
49.99	58	468	50	45.46	44.37	43.55	42.04	41.47
50	58	469.1	50	45.46	44.36	43.55	42.05	41.48
50.01	58	470.1	50	45.47	44.37	43.54	42.04	41.48
50.01	58	471.2	50	45.47	44.36	43.55	42.04	41.47
50.01	58	472.2	50	45.45	44.38	43.54	42.05	41.47
50.01	58	473.3	50	45.46	44.37	43.55	42.05	41.47
50.01	58	474.4	50	45.47	44.37	43.56	42.05	41.47
50.02	58	475.4	50	45.47	44.38	43.55	42.03	41.45
49.99	58	476.5	50	45.47	44.37	43.54	42	41.44
50.02	57	477.6	50	45.47	44.4	43.54	41.99	41.43
50.02	57	478.6	50	45.48	44.4	43.54	41.98	41.43
50.02	57	479.7	50	45.48	44.41	43.55	41.97	41.42
50	58	480.8	50	45.48	44.41	43.56	41.97	41.42
49.98	58	481.8	50	45.48	44.42	43.57	41.98	41.43
50	58	482.9	50	45.47	44.42	43.55	41.99	41.44
49.98	58	484	50	45.47	44.4	43.55	41.98	41.45
50	58	485	50	45.47	44.4	43.55	41.99	41.45
50.01	58	486.1	50	45.47	44.39	43.55	42.01	41.47
49.98	58	487.2	50	45.46	44.38	43.55	42.02	41.47
50.02	57	488.2	50	45.46	44.38	43.55	42.03	41.48
50.01	58	489.3	50	45.48	44.39	43.57	42.04	41.49
50	58	490.3	50	45.47	44.38	43.56	42.04	41.49
49.98	58	491.4	50	45.46	44.39	43.58	42.05	41.49
50	58	492.5	50	45.47	44.41	43.58	42.05	41.49
50.01	58	493.5	50	45.48	44.42	43.57	42.06	41.5
49.99	58	494.6	50	45.48	44.44	43.6	42.06	41.48
50.02	57	495.7	50	45.48	44.45	43.61	42.07	41.5
50	58	496.7	50	45.48	44.46	43.62	42.08	41.51
50	58	497.8	50	45.47	44.46	43.61	42.08	41.53
49.98	58	498.9	50	45.48	44.45	43.61	42.09	41.53
50	58	499.9	50	45.48	44.44	43.6	42.1	41.53
49.99	58	501	50	45.48	44.43	43.59	42.09	41.53
50.02	57	502.1	50	45.48	44.42	43.59	42.09	41.52
50.02	57	503.1	50	45.49	44.43	43.59	42.08	41.52
50.02	57	504.2	50	45.49	44.43	43.6	42.07	41.52
50.01	58	505.2	50	45.49	44.43	43.61	42.08	41.53
49.98	58	506.3	50	45.49	44.43	43.61	42.08	41.54
49.98	58	507.4	50	45.49	44.41	43.61	42.09	41.54
49.98	58	508.4	50	45.49	44.41	43.6	42.09	41.55
49.98	58	509.5	50	45.49	44.42	43.61	42.09	41.54
49.99	58	510.6	50	45.48	44.43	43.61	42.1	41.56
49.97	58	511.6	50	45.49	44.44	43.62	42.11	41.55
50.01	58	512.7	50	45.49	44.43	43.62	42.1	41.55
50.01	58	513.8	50	45.48	44.45	43.62	42.08	41.55
50	58	514.8	50	45.49	44.45	43.62	42.08	41.54
49.97	58	515.9	50	45.48	44.45	43.62	42.07	41.54
50.02	58	517	50	45.5	44.47	43.61	42.07	41.54
50	58	518	50	45.49	44.47	43.62	42.07	41.53
50.01	58	519.1	50	45.5	44.48	43.63	42.05	41.53
50	58	520.2	50	45.5	44.48	43.63	42.05	41.52
49.99	58	521.2	50	45.49	44.48	43.64	42.05	41.5
50	58	522.3	50	45.49	44.48	43.63	42.06	41.51
50.02	58	523.3	50	45.49	44.49	43.64	42.07	41.52
50	58	524.4	50	45.5	44.49	43.67	42.09	41.54
50.02	57	525.5	50	45.5	44.49	43.65	42.1	41.55
50.03	57	526.5	50	45.5	44.51	43.67	42.12	41.56
50.02	57	527.6	50	45.5	44.51	43.67	42.12	41.56
49.99	58	528.7	50	45.51	44.51	43.68	42.14	41.57
49.96	58	529.7	50	45.51	44.51	43.69	42.16	41.58
49.97	58	530.8	50	45.52	44.53	43.7	42.16	41.59
49.99	58	531.9	50	45.51	44.54	43.71	42.19	41.61
49.98	58	532.9	50	45.52	44.54	43.73	42.21	41.64
49.99	58	534	50	45.53	44.56	43.74	42.22	41.63
49.99	58	535.1	50	45.53	44.55	43.74	42.23	41.66
50	58	536.1	50	45.53	44.54	43.75	42.25	41.67
50	58	537.2	50	45.54	44.55	43.75	42.26	41.67
50.01	58	538.2	50	45.54	44.56	43.76	42.27	41.67
49.99	58	539.3	50	45.55	44.57	43.76	42.28	41.68
50	58	540.4	50	45.55	44.57	43.75	42.27	41.68
50	58	541.4	50	45.56	44.57	43.76	42.27	41.68
50	58	542.5	50	45.57	44.58	43.76	42.26	41.68
50	58	543.6	50	45.56	44.58	43.77	42.25	41.67
50	58	544.6	50	45.57	44.57	43.76	42.23	41.67
50	58	545.7	50	45.57	44.58	43.76	42.23	41.67
50.02	58	546.8	50	45.56	44.57	43.75	42.21	41.67
50.01	58	547.8	50	45.58	44.58	43.75	42.2	41.67
50.03	57	548.9	50	45.58	44.57	43.75	42.2	41.67
50.04	57	550	50	45.58	44.56	43.74	42.2	41.68
50.01	58	551	50	45.58	44.56	43.74	42.18	41.66
50.01	58	552.1	50	45.58	44.55	43.73	42.18	41.66
50	58	553.1	50	45.58	44.55	43.73	42.19	41.68
49.98	58	554.2	50	45.58	44.55	43.73	42.18	41.69
50.02	57	555.3	50	45.58	44.53	43.73	42.18	41.69
50.02	57	556.3	50	45.58	44.53	43.73	42.19	41.71
50.02	57	557.4	50	45.59	44.53	43.74	42.2	41.71
50.01	57	558.5	50	45.58	44.53	43.74	42.22	41.72
49.98	58	559.5	50	45.58	44.52	43.74	42.23	41.72
49.99	58	560.6	50	45.58	44.51	43.73	42.24	41.73
49.97	58	561.7	50	45.59	44.54	43.75	42.24	41.74
49.97	58	562.7	50	45.58	44.52	43.74	42.23	41.74
50	58	563.8	50	45.57	44.53	43.74	42.24	41.74
50	58	564.9	50	45.58	44.54	43.74	42.25	41.75
50	58	565.9	50	45.59	44.54	43.75	42.26	41.75
50	58	567	50	45.59	44.54	43.75	42.26	41.75
50	58	568	50	45.59	44.53	43.75	42.25	41.75
50.01	58	569.1	50	45.59	44.53	43.74	42.24	41.74
50.01	58	570.2	50	45.59	44.54	43.74	42.24	41.74
50.02	57	571.2	50	45.58	44.55	43.75	42.25	41.74
50.01	58	572.3	50	45.6	44.56	43.76	42.25	41.75
50.01	57	573.4	50	45.59	44.57	43.76	42.26	41.75
50.02	57	574.4	50	45.59	44.58	43.76	42.27	41.75
50.02	57	575.5	50	45.6	44.58	43.78	42.29	41.77
49.99	58	576.6	50	45.6	44.57	43.78	42.3	41.77
50	58	577.6	50	45.58	44.59	43.8	42.31	41.77
49.99	58	578.7	50	45.59	44.59	43.8	42.31	41.77
49.99	58	579.8	50	45.6	44.6	43.79	42.31	41.76
50	58	580.8	50	45.6	44.61	43.8	42.33	41.79
50	58	581.9	50	45.59	44.6	43.8	42.34	41.79
50	58	583	50	45.59	44.59	43.79	42.33	41.8
50.01	57	584	50	45.6	44.6	43.8	42.35	41.81
50.01	58	585.1	50	45.6	44.59	43.8	42.36	41.83
49.98	58	586.1	50	45.61	44.58	43.79	42.36	41.82
50.01	57	587.2	50	45.6	44.59	43.8	42.36	41.82
50.01	58	588.3	50	45.6	44.6	43.8	42.37	41.83
49.98	58	589.3	50	45.6	44.6	43.81	42.36	41.82
50.01	57	590.4	50	45.6	44.62	43.83	42.36	41.81
50.02	57	591.5	50	45.61	44.64	43.83	42.36	41.82
50.01	57	592.5	50	45.61	44.64	43.83	42.35	41.82
50	58	593.6	50	45.61	44.63	43.84	42.36	41.83
49.98	58	594.7	50	45.61	44.62	43.83	42.35	41.82
50	58	595.7	50	45.61	44.62	43.83	42.36	41.82
49.98	58	596.8	50	45.61	44.62	43.84	42.37	41.84
50	58	597.9	50	45.61	44.61	43.83	42.36	41.83
49.99	58	598.9	50	45.62	44.61	43.83	42.37	41.84
50	58	600	50	45.62	44.6	43.84	42.37	41.84
50.02	57	601	50	45.61	44.61	43.83	42.37	41.83
50.03	57	602.1	50	45.62	44.61	43.84	42.35	41.85
50.01	57	603.2	50	45.63	44.62	43.85	42.36	41.84
50.01	57	604.2	50	45.63	44.63	43.85	42.35	41.84
49.98	58	605.3	50	45.63	44.62	43.85	42.35	41.85
49.97	58	606.4	50	45.62	44.62	43.84	42.36	41.84
49.98	58	607.4	50	45.62	44.62	43.83	42.37	41.85
49.98	58	608.5	50	45.63	44.62	43.84	42.37	41.86
49.99	58	609.6	50	45.62	44.62	43.84	42.37	41.87
49.99	58	610.6	50	45.63	44.62	43.84	42.38	41.87
50	58	611.7	50	45.63	44.61	43.83	42.37	41.88
50	58	612.8	50	45.62	44.61	43.85	42.4	41.89
49.99	58	613.8	50	45.64	44.62	43.86	42.39	41.89
50.01	58	614.9	50	45.63	44.64	43.88	42.4	41.92
50.01	58	616	50	45.65	44.64	43.88	42.4	41.91
50.02	57	617	50	45.64	44.64	43.88	42.43	41.92
50.02	57	618.1	50	45.66	44.65	43.88	42.44	41.92
50.03	57	619.1	50	45.65	44.65	43.89	42.44	41.93
50.02	57	620.2	50	45.65	44.64	43.89	42.44	41.95
50.01	57	621.3	50	45.67	44.65	43.89	42.44	41.94
50.01	57	622.3	50	45.67	44.65	43.89	42.45	41.95
49.98	58	623.4	50	45.68	44.65	43.89	42.45	41.95
49.98	58	624.5	50	45.66	44.64	43.88	42.45	41.94
49.98	58	625.5	50	45.66	44.67	43.9	42.46	41.93
49.99	58	626.6	50	45.66	44.69	43.9	42.44	41.93
50	58	627.7	50	45.66	44.7	43.91	42.46	41.93
50.02	57	628.7	50	45.68	44.7	43.9	42.46	41.93
50.01	58	629.8	50	45.68	44.71	43.92	42.44	41.93
50.04	57	630.9	50	45.68	44.7	43.9	42.42	41.91
50.02	57	631.9	50	45.68	44.7	43.9	42.41	41.91
50.01	57	633	50	45.69	44.69	43.91	42.41	41.92
50.02	57	634	50	45.68	44.67	43.92	42.42	41.92
50.01	57	635.1	50	45.67	44.68	43.93	42.42	41.94
50.01	57	636.2	50	45.67	44.67	43.91	42.44	41.95
50.01	57	637.2	50	45.67	44.65	43.93	42.44	41.95
49.99	58	638.3	50	45.68	44.66	43.92	42.44	41.95
49.99	58	639.4	50	45.67	44.65	43.91	42.45	41.93
49.96	58	640.4	50	45.67	44.66	43.91	42.46	41.93
49.98	58	641.5	50	45.66	44.68	43.92	42.43	41.93
50	58	642.6	50	45.67	44.68	43.94	42.43	41.92
49.99	58	643.6	50	45.67	44.69	43.94	42.43	41.91
50.01	57	644.7	50	45.67	44.69	43.95	42.44	41.93
50	58	645.8	50	45.67	44.7	43.95	42.45	41.94
50.02	57	646.8	50	45.68	44.69	43.96	42.45	41.94
50	57	647.9	50	45.69	44.69	43.94	42.46	41.93
50.01	57	649	50	45.68	44.7	43.93	42.46	41.95
50.01	57	650	50	45.68	44.7	43.94	42.45	41.95
50	57	651.1	50	45.68	44.71	43.94	42.44	41.96
50	57	652.1	50	45.69	44.71	43.95	42.46	41.96
49.98	58	653.2	50	45.68	44.72	43.95	42.45	41.97
49.96	58	654.3	50	45.69	44.72	43.93	42.46	41.98
49.99	58	655.3	50	45.68	44.7	43.94	42.46	41.97
49.94	58	656.4	50	45.68	44.7	43.91	42.45	41.99
50	58	657.5	50	45.69	44.68	43.92	42.43	41.97
49.99	58	658.5	50	45.69	44.68	43.91	42.43	41.96
50	58	659.6	50	45.67	44.68	43.9	42.41	41.96
50	58	660.7	50	45.68	44.66	43.91	42.39	41.95
49.99	58	661.7	50	45.69	44.66	43.9	42.41	41.95
50.01	57	662.8	50	45.66	44.66	43.9	42.4	41.96
50.02	57	663.9	50	45.69	44.64	43.91	42.42	41.96
50.02	57	664.9	50	45.68	44.64	43.91	42.42	41.95
50	58	666	50	45.68	44.65	43.9	42.42	41.95
49.98	58	667	50	45.68	44.65	43.91	42.41	41.95
49.99	58	668.1	50	45.68	44.68	43.9	42.41	41.94
50	58	669.2	50	45.68	44.68	43.9	42.42	41.95
50.01	57	670.2	50	45.68	44.69	43.92	42.41	41.92
50.01	57	671.3	50	45.69	44.71	43.91	42.37	41.9
50.01	57	672.4	50	45.68	44.72	43.91	42.36	41.89
49.99	58	673.4	50	45.69	44.72	43.92	42.36	41.89
50.01	57	674.5	50	45.69	44.71	43.94	42.37	41.89
50	58	675.6	50	45.69	44.73	43.95	42.39	41.92
49.99	58	676.6	50	45.69	44.73	43.94	42.43	41.94
49.99	58	677.7	50	45.68	44.74	43.94	42.45	41.96
50	58	678.8	50	45.69	44.74	43.96	42.46	41.97
50.01	58	679.8	50	45.7	44.73	43.96	42.48	41.98
50.03	57	680.9	50	45.71	44.72	43.97	42.47	42
50.02	57	682	50	45.7	44.73	43.96	42.47	42
50.02	57	683	50	45.72	44.72	43.96	42.46	42.01
50	57	684.1	50	45.72	44.74	43.95	42.47	42.01
49.99	58	685.1	50	45.72	44.72	43.96	42.44	42.03
49.98	58	686.2	50	45.72	44.71	43.94	42.47	42.02
50	58	687.3	50	45.7	44.7	43.94	42.49	42.03
49.99	58	688.3	50	45.71	44.7	43.93	42.5	42.03
50.02	57	689.4	50	45.71	44.7	43.94	42.51	42.04
50.01	57	690.5	50	45.72	44.7	43.95	42.49	42.06
50.01	57	691.5	50	45.72	44.69	43.96	42.5	42.05
49.99	58	692.6	50	45.71	44.71	43.95	42.51	42.05
49.97	58	693.7	50	45.71	44.7	43.95	42.51	42.04
49.98	58	694.7	50	45.72	44.67	43.95	42.51	42.04
50	58	695.8	50	45.7	44.7	43.94	42.5	42.03
50	58	696.8	50	45.72	44.7	43.97	42.5	42.03
50.02	57	697.9	50	45.72	44.73	43.97	42.52	42.02
50.03	57	699	50	45.72	44.74	43.99	42.53	42.04
50.02	57	700	50	45.71	44.76	43.99	42.52	42.04
50.03	57	701.1	50	45.72	44.76	43.99	42.54	42.04
50.01	57	702.2	50	45.74	44.75	44.01	42.55	42.07
50.01	57	703.2	50	45.73	44.78	44	42.57	42.07
49.99	57	704.3	50	45.74	44.77	44.01	42.57	42.06
50.01	57	705.4	50	45.73	44.77	44.01	42.55	42.08
49.99	58	706.4	50	45.74	44.77	44.01	42.53	42.07
49.97	58	707.5	50	45.73	44.77	44	42.52	42.06
49.97	58	708.6	50	45.73	44.76	43.99	42.51	42.05
49.97	58	709.6	50	45.73	44.76	44	42.49	42.06
50	58	710.7	50	45.72	44.76	43.99	42.51	42.05
49.99	58	711.8	50	45.73	44.77	44	42.52	42.06
50.02	57	712.8	50	45.73	44.76	44.01	42.54	42.07
50.02	57	713.9	50	45.74	44.77	44.02	42.55	42.09
50.02	57	714.9	50	45.72	44.78	44.01	42.57	42.1
50.01	57	716	50	45.74	44.77	44.01	42.58	42.1
50	57	717.1	50	45.75	44.76	44.02	42.57	42.11
49.99	58	718.1	50	45.74	44.77	44	42.67	41.77
49.98	58	719.2	50	45.73	44.75	44	42.67	40.75
49.99	58	720.3	50	45.74	44.74	43.99	42.65	39.61
50.01	57	721.3	50	45.75	44.73	43.99	42.62	38.56
50.02	57	722.4	50	45.73	44.74	43.98	42.62	37.96
50	57	723.5	50	45.74	44.74	44	42.4	37.5
50.01	57	724.5	50	45.73	44.76	44	41.23	37.1
50.02	57	725.6	50	45.74	44.74	44.02	40.04	36.77
50	57	726.7	50	45.74	44.74	44.02	39.2	36.51
50.01	57	727.7	50	45.75	44.75	44.01	38.66	36.31
49.98	58	728.8	50	45.71	44.81	42.94	38.2	36.17
49.94	58	729.9	50	45.68	44.87	41.83	37.81	36.04
49.97	58	730.9	50	45.65	44.93	40.95	37.51	35.96
49.99	58	732	50	45.65	44.95	40.37	37.31	35.89
49.97	58	733	50	45.62	44.96	40	37.13	35.85
50.01	57	734.1	50	45.59	44.96	39.71	36.98	35.83
50.02	57	735.2	50	45.6	44.98	39.52	36.89	35.8
50	57	736.2	50	45.59	44.99	39.39	36.82	35.79
50.02	57	737.3	50	45.58	44.99	39.28	36.77	35.78
50.01	57	738.4	50	45.56	44.99	39.2	36.74	35.78
49.98	58	739.4	50	45.56	44.98	39.17	36.71	35.77
49.99	58	740.5	50	45.56	44.99	39.13	36.68	35.76
49.98	58	741.6	50	45.55	44.97	39.11	36.65	35.76
50.01	57	742.6	50	45.55	44.98	39.09	36.64	35.76
50.02	57	743.7	50	45.55	44.98	39.09	36.65	35.77
50	58	744.8	50	45.56	44.97	39.06	36.64	35.77
50.01	57	745.8	50	45.53	44.96	39.06	36.65	35.77
50.02	57	746.9	50	45.55	44.97	39.07	36.65	35.8
50	58	747.9	50	45.55	44.97	39.07	36.64	35.79
49.99	58	749	50	45.55	44.98	39.05	36.62	35.79
50	58	750.1	50	45.53	44.96	39.05	36.63	35.78
50.02	57	751.1	50	45.54	44.97	39.04	36.62	35.79
50	57	752.2	50	45.53	44.96	39.03	36.61	35.77
50.01	57	753.3	50	45.55	44.97	39.01	36.59	35.76
50.01	57	754.3	50	45.53	44.97	39	36.57	35.75
49.99	58	755.4	50	45.55	44.98	39.01	36.51	35.76
50	57	756.5	50	45.53	44.99	39.01	36.48	35.74
49.99	58	757.5	50	45.55	44.97	39.01	36.48	35.76
49.99	58	758.6	50	45.53	44.98	39.04	36.48	35.75
49.97	58	759.7	50	45.54	44.98	39.04	36.48	35.76
49.99	58	760.7	50	45.55	44.99	39.05	36.45	35.76
49.99	58	761.8	50	45.54	44.99	39.05	36.42	35.76
50.01	57	762.8	50	45.53	45	39.03	36.38	35.75
50.02	57	763.9	50	45.55	45.01	39	36.35	35.75
50.01	57	765	50	45.55	45.03	38.98	36.31	35.74
50.04	57	766	50	45.55	45.05	38.95	36.28	35.73
50.01	57	767.1	50	45.55	45.05	38.91	36.25	35.72
50	57	768.2	50	45.55	45.04	38.88	36.22	35.71
50.02	57	769.2	50	45.55	45.05	38.88	36.22	35.7
49.99	58	770.3	50	45.54	45.05	38.88	36.21	35.7
50	57	771.4	50	45.54	45.04	38.86	36.18	35.69
50	57	772.4	50	45.55	45.05	38.85	36.18	35.7
49.99	58	773.5	50	45.54	45.04	38.85	36.2	35.69
50	57	774.6	50	45.54	45.04	38.87	36.21	35.71
50	57	775.6	50	45.53	45.04	38.88	36.25	35.73
50	57	776.7	50	45.53	45.04	38.91	36.27	35.74
49.99	58	777.7	50	45.55	45.04	38.93	36.28	35.75
49.99	58	778.8	50	45.54	45.03	38.94	36.29	35.74
50	58	779.9	50	45.55	45.04	38.96	36.33	35.75
50	57	780.9	50	45.54	45.03	38.97	36.35	35.75
50	57	782	50	45.55	45.05	39	36.37	35.75
50.03	57	783.1	50	45.54	45.02	39.01	36.39	35.75
50	57	784.1	50	45.55	45.04	39.02	36.38	35.74
50.02	57	785.2	50	45.55	45.03	39.01	36.37	35.72
49.99	58	786.3	50	45.56	45.02	38.99	36.37	35.74
49.99	58	787.3	50	45.56	45.01	38.99	36.35	35.75
49.97	58	788.4	50	45.56	45.03	38.99	36.33	35.76
49.99	58	789.5	50	45.55	45.02	38.99	36.33	35.77
50.01	57	790.5	50	45.55	45.02	39.01	36.35	35.77
50.02	57	791.6	50	45.55	45.03	39.02	36.39	35.8
50.02	57	792.7	50	45.55	45.02	39.03	36.41	35.81
50.03	57	793.7	50	45.57	45.03	39.06	36.41	35.8
50.01	57	794.8	50	45.56	45.01	39.06	36.4	35.8
50.02	57	795.8	50	45.57	45.03	39.08	36.41	35.78
50.01	57	796.9	50	45.56	45.02	39.06	36.42	35.79
49.99	57	798	50	45.57	45.03	39.08	36.44	35.79
49.99	58	799	50	45.56	45.02	39.07	36.44	35.8
49.98	58	800.1	50	45.55	45.01	39.07	36.46	35.82
49.97	58	801.2	50	45.56	45.02	39.07	36.49	35.85
49.99	58	802.2	50	45.56	45.01	39.08	36.53	35.86
49.99	57	803.3	50	45.57	45.04	39.09	36.54	35.87
50.04	57	804.4	50	45.58	45.06	39.1	36.56	35.86
50.02	57	805.4	50	45.58	45.06	39.1	36.56	35.85
50.02	57	806.5	50	45.58	45.05	39.09	36.57	35.85
50.01	57	807.6	50	45.58	45.05	39.08	36.57	35.86
50.01	57	808.6	50	45.58	45.04	39.09	36.59	35.88
50.01	57	809.7	50	45.57	45.03	39.09	36.62	35.91
50.01	57	810.7	50	45.57	45.02	39.08	36.63	35.93
50	57	811.8	50	45.58	45.04	39.09	36.65	35.95
50	57	812.9	50	45.57	45.05	39.09	36.68	35.98
50	57	813.9	50	45.57	45.07	39.1	36.7	36
50	57	815	50	45.57	45.07	39.1	36.73	36.03
49.98	57	816.1	50	45.58	45.09	39.12	36.75	36.03
50	57	817.1	50	45.57	45.07	39.13	36.75	36.02
49.99	57	818.2	50	45.56	45.07	39.13	36.77	36.03
49.98	58	819.3	50	45.57	45.1	39.13	36.77	36.01
50	57	820.3	50	45.56	45.1	39.14	36.77	36.01
49.99	57	821.4	50	45.57	45.11	39.14	36.77	36.02
49.99	58	822.5	50	45.55	45.11	39.14	36.76	36.03
50	57	823.5	50	45.56	45.13	39.16	36.77	36.04
50.01	57	824.6	50	45.56	45.12	39.16	36.77	36.05
50	57	825.7	50	45.55	45.11	39.16	36.76	36.05
50.02	57	826.7	50	45.56	45.1	39.17	36.78	36.07
50.01	57	827.8	50	45.55	45.08	39.16	36.78	36.08
49.99	57	828.8	50	45.57	45.1	39.16	36.8	36.07
50	57	829.9	50	45.55	45.1	39.18	36.82	36.09
49.99	57	831	50	45.55	45.08	39.18	36.83	36.09
49.98	58	832	50	45.56	45.08	39.18	36.84	36.09
49.99	57	833.1	50	45.53	45.07	39.17	36.83	36.08
49.99	57	834.2	50	45.56	45.08	39.18	36.82	36.08
50.01	57	835.2	50	45.55	45.06	39.16	36.79	36.05
50	57	836.3	50	45.56	45.06	39.16	36.78	36.05
49.99	57	837.4	50	45.56	45.06	39.16	36.79	36.05
50.01	57	838.4	50	45.55	45.05	39.15	36.78	36.06
49.99	58	839.5	50	45.55	45.05	39.14	36.78	36.04
49.97	58	840.6	50	45.55	45.04	39.13	36.77	36.03
49.97	58	841.6	50	45.56	45.07	39.14	36.78	36.02
49.99	58	842.7	50	45.54	45.06	39.14	36.76	36.02
49.99	58	843.7	50	45.56	45.08	39.16	36.78	36.02
50	57	844.8	50	45.56	45.07	39.15	36.75	36.01
50.03	57	845.9	50	45.57	45.08	39.15	36.7	36.01
50.01	57	846.9	50	45.57	45.07	39.14	36.68	36
50.02	57	848	50	45.58	45.09	39.14	36.69	36.01
50.02	57	849.1	50	45.57	45.08	39.15	36.69	36.02
50	57	850.1	50	45.56	45.06	39.15	36.7	36.02
50	57	851.2	50	45.57	45.07	39.14	36.71	36.03
50	57	852.3	50	45.56	45.05	39.16	36.73	36.04
49.99	57	853.3	50	45.57	45.06	39.16	36.73	36.03
49.99	58	854.4	50	45.57	45.05	39.15	36.73	36.03
49.98	58	855.5	50	45.57	45.04	39.16	36.73	36.03
49.99	58	856.5	50	45.55	45.04	39.15	36.74	36.03
50	57	857.6	50	45.56	45.05	39.17	36.74	36.04
50.02	57	858.6	50	45.55	45.04	39.18	36.73	36.05
50.02	57	859.7	50	45.57	45.05	39.19	36.74	36.05
50.03	57	860.8	50	45.56	45.04	39.21	36.73	36.03
50.01	57	861.8	50	45.57	45.05	39.21	36.75	36.04
50	57	862.9	50	45.57	45.05	39.21	36.75	36.03
49.99	57	864	50	45.57	45.07	39.21	36.77	36.05
50	57	865	50	45.58	45.07	39.22	36.77	36.05
49.99	58	866.1	50	45.57	45.06	39.22	36.76	36.05
49.98	58	867.2	50	45.58	45.07	39.21	36.76	36.05
49.99	57	868.2	50	45.58	45.06	39.21	36.76	36.05
50.01	57	869.3	50	45.59	45.08	39.21	36.76	36.05
50.02	57	870.4	50	45.58	45.08	39.2	36.74	36.03
50	57	871.4	50	45.57	45.07	39.18	36.74	36.03
50	57	872.5	50	45.58	45.07	39.19	36.74	36.03
50	57	873.6	50	45.58	45.06	39.18	36.72	36.02
49.99	57	874.6	50	45.57	45.06	39.16	36.7	36
49.99	58	875.7	50	45.58	45.05	39.16	36.67	36
49.99	57	876.7	50	45.57	45.05	39.17	36.64	36
49.99	57	877.8	50	45.56	45.05	39.17	36.61	35.99
50	57	878.9	50	45.57	45.05	39.17	36.57	35.98
49.98	58	879.9	50	45.56	45.04	39.16	36.57	35.97
49.99	58	881	50	45.57	45.06	39.15	36.57	35.96
49.99	58	882.1	50	45.57	45.08	39.16	36.59	35.98
49.99	58	883.1	50	45.57	45.09	39.15	36.6	35.99
50.03	57	884.2	50	45.57	45.1	39.12	36.62	36
50.01	57	885.3	50	45.56	45.1	39.13	36.62	36
50.04	57	886.3	50	45.57	45.12	39.11	36.6	35.98
50.02	57	887.4	50	45.56	45.09	39.12	36.6	35.98
50.02	57	888.5	50	45.57	45.11	39.1	36.58	35.97
50.01	57	889.5	50	45.58	45.12	39.1	36.58	35.97
50	57	890.6	50	45.57	45.12	39.09	36.6	35.98
49.99	57	891.6	50	45.56	45.13	39.1	36.62	36
49.99	57	892.7	50	45.57	45.15	39.1	36.65	36.02
49.99	57	893.8	50	45.58	45.15	39.11	36.67	36.03
50	57	894.8	50	45.57	45.14	39.12	36.7	36.06
50	57	895.9	50	45.56	45.14	39.13	36.73	36.06
49.99	57	897	50	45.58	45.15	39.15	36.75	36.09
49.99	57	898	50	45.56	45.14	39.15	36.77	36.08
49.99	58	899.1	50	45.58	45.15	39.17	36.79	36.11
49.99	57	900.2	50	45.56	45.14	39.17	36.8	36.11
49.99	58	901.2	50	45.57	45.15	39.18	36.81	36.12
50.01	57	902.3	50	45.56	45.14	39.18	36.8	36.11
49.99	57	903.4	50	45.56	45.13	39.18	36.81	36.11
50.02	57	904.4	50	45.57	45.13	39.18	36.81	36.12
50.02	57	905.5	50	45.57	45.12	39.18	36.8	36.12
49.99	57	906.5	50	45.56	45.11	39.17	36.8	36.12
50	57	907.6	50	45.55	45.12	39.15	36.81	36.13
50	57	908.7	50	45.55	45.13	39.14	36.8	36.12
49.98	58	909.7	50	45.56	45.12	39.15	36.81	36.12
49.99	58	910.8	50	45.56	45.13	39.15	36.81	36.1
49.99	58	911.9	50	45.56	45.12	39.15	36.82	36.11
50.01	57	912.9	50	45.57	45.09	39.17	36.84	36.11
50.01	57	914	50	45.55	45.1	39.17	36.86	36.12
50.02	57	915.1	50	45.57	45.09	39.16	36.83	36.13
50.02	57	916.1	50	45.57	45.09	39.15	36.83	36.14
50.01	57	917.2	50	45.56	45.08	39.15	36.84	36.13
49.99	57	918.3	50	45.56	45.07	39.14	36.84	36.12
49.99	57	919.3	50	45.56	45.07	39.12	36.81	36.12
49.99	57	920.4	50	45.55	45.06	39.13	36.8	36.1
49.97	58	921.4	50	45.57	45.07	39.13	36.78	36.1
49.98	58	922.5	50	45.57	45.07	39.15	36.77	36.1
49.99	58	923.6	50	45.55	45.05	39.15	36.77	36.09
49.97	58	924.6	50	45.56	45.05	39.17	36.78	36.08
50	57	925.7	50	45.56	45.04	39.18	36.79	36.07
50	57	926.8	50	45.57	45.06	39.19	36.78	36.05
50.02	57	927.8	50	45.57	45.06	39.18	36.77	36.05
50	58	928.9	50	45.59	45.08	39.16	36.73	36.02
50.01	57	930	50	45.57	45.06	39.11	36.68	36.01
50.01	57	931	50	45.57	45.06	39.07	36.63	36
50.01	57	932.1	50	45.57	45.06	39.05	36.59	35.99
50.02	57	933.2	50	45.58	45.06	39.04	36.57	35.97
49.99	57	934.2	50	45.59	45.06	39.03	36.57	35.98
49.99	58	935.3	50	45.58	45.07	39.04	36.59	35.99
49.99	58	936.3	50	45.57	45.06	39.06	36.61	36.01
50	57	937.4	50	45.57	45.07	39.08	36.64	36.04
50	57	938.5	50	45.59	45.08	39.11	36.67	36.07
50	57	939.5	50	45.58	45.07	39.12	36.7	36.1
50.01	57	940.6	50	45.57	45.07	39.15	36.72	36.1
50.01	57	941.7	50	45.58	45.08	39.17	36.75	36.12
50.01	57	942.7	50	45.57	45.06	39.17	36.78	36.12
49.99	58	943.8	50	45.57	45.06	39.19	36.82	36.14
50	57	944.9	50	45.56	45.06	39.2	36.83	36.15
50.01	57	945.9	50	45.57	45.06	39.21	36.86	36.17
50	57	947	50	45.56	45.06	39.21	36.88	36.17
49.99	57	948.1	50	45.56	45.07	39.23	36.89	36.19
50	57	949.1	50	45.57	45.08	39.21	36.9	36.18
50	57	950.2	50	45.55	45.07	39.22	36.9	36.19
49.98	58	951.2	50	45.57	45.06	39.21	36.88	36.18
49.95	58	952.3	50	45.56	45.06	39.22	36.87	36.18
50	58	953.4	50	45.56	45.05	39.21	36.88	36.18
50.01	57	954.4	50	45.56	45.05	39.19	36.88	36.16
50.03	57	955.5	50	45.55	45.07	39.19	36.9	36.16
50.01	57	956.6	50	45.56	45.07	39.19	36.89	36.16
50.01	57	957.6	50	45.56	45.08	39.2	36.91	36.16
49.99	58	958.7	50	45.56	45.06	39.2	36.9	36.16
49.99	58	959.8	50	45.56	45.07	39.22	36.91	36.15
49.99	58	960.8	50	45.57	45.08	39.21	36.92	36.16
50.02	57	961.9	50	45.56	45.06	39.2	36.89	36.16
50.03	57	963	50	45.58	45.06	39.2	36.89	36.17
50.02	57	964	50	45.58	45.07	39.2	36.89	36.17
50.01	57	965.1	50	45.58	45.08	39.19	36.89	36.16
50.02	57	966.2	50	45.57	45.08	39.19	36.87	36.16
50.01	57	967.2	50	45.56	45.09	39.17	36.84	36.15
50	57	968.3	50	45.58	45.09	39.18	36.82	36.14
50	57	969.3	50	45.58	45.1	39.19	36.82	36.13
50	57	970.4	50	45.57	45.08	39.2	36.84	36.14
49.99	57	971.5	50	45.57	45.09	39.21	36.84	36.15
49.99	57	972.5	50	45.56	45.09	39.21	36.85	36.15
50	57	973.6	50	45.57	45.1	39.22	36.87	36.16
49.98	58	974.7	50	45.56	45.11	39.24	36.89	36.18
49.97	58	975.7	50	45.56	45.11	39.24	36.91	36.19
49.98	58	976.8	50	45.57	45.12	39.24	36.92	36.19
49.98	58	977.9	50	45.57	45.11	39.25	36.91	36.19
50.02	57	978.9	50	45.55	45.1	39.25	36.9	36.2
50.02	57	980	50	45.56	45.08	39.25	36.88	36.2
50	57	981.1	50	45.56	45.08	39.25	36.86	36.2
49.99	58	982.1	50	45.56	45.07	39.22	36.82	36.19
50	57	983.2	50	45.55	45.08	39.19	36.79	36.17
50	57	984.2	50	45.57	45.09	39.17	36.77	36.16
50.01	57	985.3	50	45.56	45.12	39.17	36.77	36.17
50.01	57	986.4	50	45.57	45.13	39.15	36.76	36.16
50	57	987.4	50	45.56	45.13	39.16	36.78	36.17
50.01	57	988.5	50	45.56	45.15	39.19	36.81	36.19
50.01	57	989.6	50	45.57	45.14	39.2	36.84	36.2
49.99	57	990.6	50	45.57	45.13	39.2	36.86	36.2
49.98	58	991.7	50	45.58	45.13	39.21	36.89	36.22
49.98	58	992.8	50	45.58	45.11	39.19	36.89	36.21
49.98	58	993.8	50	45.56	45.1	39.18	36.89	36.22
50	57	994.9	50	45.58	45.1	39.17	36.88	36.21
50.01	57	996	50	45.58	45.09	39.19	36.85	36.19
50.02	57	997	50	45.59	45.1	39.18	36.84	36.17
