Temperature	PWM	Time	Set Temperature	T1	T2	T3	T4	T5

Mode	time	PWM	Heat/Cool	K_p	K_I	Set Temp	Reset Int	Sin amplitude	Sin period
Manual	7.7	62	1		0.0	0.0	20.0		1		0.0		60.0

Mode	time	PWM	Heat/Cool	K_p	K_I	Set Temp	Reset Int	Sin amplitude	Sin period
Manual	23.6	0	1		0.0	0.0	20.0		1		0.0		60.0

Mode	time	PWM	Heat/Cool	K_p	K_I	Set Temp	Reset Int	Sin amplitude	Sin period
Manual	27.9	0	1		0.0	0.0	40.0		1		0.0		60.0

Mode	time	PWM	Heat/Cool	K_p	K_I	Set Temp	Reset Int	Sin amplitude	Sin period
P/I	28.9	0	1		0.0	0.0	40.0		1		0.0		60.0

Mode	time	PWM	Heat/Cool	K_p	K_I	Set Temp	Reset Int	Sin amplitude	Sin period
P/I	32.1	0	1		10.0	0.0	40.0		1		0.0		60.0

Mode	time	PWM	Heat/Cool	K_p	K_I	Set Temp	Reset Int	Sin amplitude	Sin period
P/I	33.2	126	1		10.0	1.0	40.0		1		0.0		60.0

Mode	time	PWM	Heat/Cool	K_p	K_I	Set Temp	Reset Int	Sin amplitude	Sin period
P/I	42.8	118	1		10.0	1.0	40.0		0		0.0		60.0

95	23.63	23.71	23.46
25.05	62	18.3	20	23.1	23.95	23.63	23.69	23.42
25.1	62	19.4	20	23.04	23.92	23.57	23.66	23.44
25.69	62	20.4	20	23.05	23.92	23.57	23.68	23.48
26.41	62	21.5	20	23.05	23.92	23.57	23.7	23.49
27.1	62	22.6	20	23.06	23.92	23.57	23.74	23.48
27.78	62	23.6	20	23.06	23.91	23.56	23.75	23.48
28.39	0	24.7	20	23.07	23.91	23.56	23.73	23.46
28.89	0	25.8	20	23.06	23.9	23.56	23.72	23.44
28.85	0	26.8	20	23.03	23.9	23.55	23.68	23.42
28.62	0	27.9	20	23.01	23.89	23.54	23.65	23.41
28.34	0	28.9	40	22.99	23.89	23.54	23.61	23.38
28.06	0	30	40	22.97	23.88	23.54	23.55	23.34
27.82	0	31.1	40	22.96	23.87	23.54	23.53	23.33
27.61	0	32.1	40	22.95	23.86	23.53	23.54	23.32
27.42	126	33.2	40	22.93	23.86	23.53	23.56	23.3
27.37	192	34.2	40	22.92	23.86	23.52	23.56	23.29
28.41	194	35.3	40	22.9	23.85	23.51	23.57	23.31
30.28	185	36.4	40	22.89	23.85	23.49	23.58	23.29
32.34	173	37.4	40	22.89	23.85	23.49	23.61	23.28
34.29	160	38.5	40	22.88	23.84	23.48	23.63	23.27
35.99	147	39.6	40	22.87	23.84	23.47	23.66	23.26
37.4	135	40.6	40	22.86	23.84	23.46	23.63	23.25
38.53	126	41.7	40	22.85	23.84	23.46	23.61	23.24
39.41	118	42.8	40	22.84	23.84	23.46	23.59	23.23
40.09	-1	43.8	40	22.84	23.84	23.46	23.56	23.22
40.53	-6	44.9	40	22.84	23.84	23.46	23.53	23.24
40	-1	46	40	22.83	23.83	23.46	23.52	23.26
39.1	9	47	40	22.81	23.83	23.46	23.5	23.25
38.21	20	48.1	40	22.8	23.83	23.46	23.49	23.24
37.47	30	49.2	40	22.79	23.82	23.45	23.49	23.23
36.95	39	50.2	40	22.79	23.82	23.45	23.45	23.23
36.64	45	51.3	40	22.79	23.82	23.45	23.45	23.22
36.51	50	52.4	40	22.78	23.82	23.45	23.42	23.22
36.52	54	53.4	40	22.78	23.81	23.44	23.39	23.2
36.62	57	54.5	40	22.78	23.8	23.45	23.36	23.19
36.8	58	55.5	40	22.78	23.8	23.45	23.36	23.21
37.02	59	56.6	40	22.78	23.8	23.45	23.36	23.24
37.27	60	57.7	40	22.78	23.8	23.45	23.36	23.26
37.5	60	58.7	40	22.78	23.8	23.45	23.37	23.7
37.75	60	59.8	40	22.8	23.8	23.46	23.38	26.6
37.97	60	60.9	40	22.8	23.8	23.46	23.41	28.48
38.2	59	61.9	40	22.81	23.79	23.46	23.42	29.86
38.41	59	63	40	22.82	23.79	23.46	23.44	30.88
38.6	59	64.1	40	22.83	23.79	23.46	23.46	31.42
38.78	58	65.1	40	22.84	23.79	23.47	23.46	31.83
38.95	58	66.2	40	22.85	23.78	23.47	23.45	32.17
39.1	57	67.2	40	22.86	23.77	23.47	23.45	32.45
39.26	56	68.3	40	22.87	23.77	23.47	23.45	32.7
39.4	55	69.4	40	22.86	23.77	23.47	23.44	32.9
39.51	55	70.4	40	22.86	23.77	23.47	23.43	33.08
39.62	54	71.5	40	22.86	23.77	23.47	23.43	33.25
39.71	54	72.6	40	22.85	23.76	23.47	23.42	33.4
39.79	53	73.6	40	22.85	23.76	23.46	23.42	33.53
39.89	52	74.7	40	22.85	23.76	23.46	23.41	33.66
39.96	51	75.8	40	22.84	23.75	23.45	23.41	33.78
40.03	51	76.8	40	22.83	23.75	23.44	23.41	33.89
40.08	50	77.9	40	22.83	23.74	23.43	23.41	33.99
40.13	49	79	40	22.81	23.75	23.42	23.42	34.1
40.19	49	80	40	22.81	23.73	23.41	23.41	34.19
40.22	48	81.1	40	22.81	23.74	23.4	23.4	34.29
40.24	48	82.1	40	22.81	23.73	23.4	23.41	34.37
40.26	47	83.2	40	22.83	23.74	23.39	23.42	34.45
40.31	46	84.3	40	22.82	23.73	23.38	23.42	34.54
40.31	46	85.3	40	22.83	23.73	23.38	23.4	34.6
40.35	45	86.4	40	22.83	23.72	23.38	23.39	34.68
40.36	45	87.5	40	22.85	23.73	23.38	23.36	34.74
40.37	44	88.5	40	22.87	23.72	23.38	23.36	34.81
40.38	44	89.6	40	22.88	23.71	23.38	23.34	34.87
40.38	43	90.7	40	22.9	23.71	23.37	23.34	34.92
40.38	43	91.7	40	22.9	23.7	23.37	23.33	34.98
40.39	42	92.8	40	22.92	23.7	23.37	23.32	35.03
40.38	42	93.9	40	22.93	23.69	23.37	23.31	35.08
40.37	42	94.9	40	22.94	23.69	23.38	23.31	35.13
40.36	42	96	40	22.93	23.69	23.38	23.29	35.17
40.35	41	97.1	40	22.92	23.69	23.38	23.29	35.22
40.35	41	98.1	40	22.92	23.69	23.37	23.28	35.25
40.34	41	99.2	40	22.93	23.69	23.37	23.28	35.29
40.33	40	100.3	40	22.92	23.68	23.37	23.28	35.32
40.32	40	101.3	40	22.93	23.68	23.37	23.29	35.35
40.31	40	102.4	40	22.94	23.68	23.37	23.29	35.38
40.3	40	103.5	40	22.94	23.68	23.37	23.29	35.42
40.28	40	104.5	40	22.95	23.68	23.36	23.29	35.44
40.27	39	105.6	40	22.95	23.67	23.36	23.3	35.47
40.27	39	106.7	40	22.94	23.67	23.36	23.3	35.5
40.25	39	107.7	40	22.94	23.67	23.36	23.31	35.53
40.23	39	108.8	40	22.93	23.67	23.36	23.31	35.55
40.22	39	109.9	40	22.93	23.67	23.36	23.31	35.58
40.21	39	110.9	40	22.93	23.67	23.36	23.29	35.6
40.2	39	112	40	22.93	23.67	23.36	23.29	35.62
40.19	38	113.1	40	22.93	23.67	23.36	23.28	35.64
40.17	39	114.1	40	22.92	23.67	23.36	23.28	35.66
40.16	38	115.2	40	22.91	23.66	23.36	23.29	35.68
40.14	38	116.3	40	22.9	23.66	23.35	23.3	35.69
40.13	38	117.3	40	22.89	23.66	23.35	23.31	35.71
40.12	38	118.4	40	22.88	23.66	23.35	23.32	35.72
40.11	38	119.5	40	22.89	23.66	23.35	23.31	35.74
40.1	38	120.5	40	22.88	23.66	23.35	23.31	35.76
40.08	39	121.6	40	22.87	23.66	23.34	23.31	35.78
40.07	39	122.7	40	22.87	23.66	23.34	23.32	35.79
40.07	38	123.7	40	22.87	23.66	23.34	23.32	35.8
40.07	38	124.8	40	22.87	23.66	23.34	23.33	35.82
40.06	38	125.9	40	22.87	23.65	23.34	23.34	35.83
40.06	38	126.9	40	22.87	23.65	23.34	23.33	35.85
40.05	38	128	40	22.87	23.64	23.34	23.33	35.86
40.04	38	129.1	40	22.87	23.64	23.34	23.35	35.87
40.04	39	130.1	40	22.88	23.64	23.34	23.36	35.88
40.04	38	131.2	40	22.88	23.63	23.34	23.38	35.89
40.04	38	132.3	40	22.89	23.63	23.34	23.38	35.91
40.03	38	133.3	40	22.89	23.63	23.35	23.38	35.92
40.03	38	134.4	40	22.89	23.62	23.34	23.39	35.93
40.02	38	135.5	40	22.89	23.62	23.34	23.4	35.94
40.03	38	136.5	40	22.89	23.62	23.34	23.39	35.96
40.02	38	137.6	40	22.89	23.61	23.34	23.4	35.97
40.03	38	138.7	40	22.9	23.61	23.34	23.42	35.97
40.02	38	139.7	40	22.9	23.61	23.34	23.42	35.99
40.02	38	140.8	40	22.9	23.61	23.33	23.42	36
40.02	38	141.9	40	22.9	23.6	23.33	23.41	36.02
40.02	38	142.9	40	22.9	23.61	23.32	23.4	36.02
40.01	38	144	40	22.9	23.61	23.33	23.41	36.04
40.01	38	145.1	40	22.91	23.6	23.33	23.41	36.04
40.01	38	146.1	40	22.92	23.6	23.33	23.41	36.06
40.02	38	147.2	40	22.92	23.6	23.33	23.4	36.07
40.02	38	148.3	40	22.93	23.59	23.33	23.38	36.08
40.02	38	149.3	40	22.93	23.59	23.33	23.38	36.09
40.01	38	150.4	40	22.93	23.59	23.33	23.38	36.1
40.01	38	151.5	40	22.92	23.59	23.33	23.36	36.11
40.01	38	152.5	40	22.92	23.59	23.33	23.35	36.12
40.02	38	153.6	40	22.91	23.58	23.33	23.34	36.13
40.02	38	154.7	40	22.91	23.58	23.33	23.32	36.14
40.01	38	155.7	40	22.91	23.58	23.33	23.32	36.15
40.01	38	156.8	40	22.91	23.57	23.33	23.32	36.15
40.02	38	157.9	40	22.92	23.56	23.33	23.32	36.16
40.03	38	158.9	40	22.92	23.56	23.33	23.33	36.17
40.03	38	160	40	22.92	23.56	23.33	23.33	36.18
40.02	38	161.1	40	22.92	23.56	23.33	23.35	36.19
40.03	38	162.1	40	22.92	23.56	23.33	23.36	36.2
40.03	38	163.2	40	22.92	23.56	23.33	23.36	36.21
40.03	38	164.3	40	22.91	23.56	23.33	23.36	36.22
40.03	38	165.3	40	22.91	23.56	23.33	23.36	36.23
40.03	38	166.4	40	22.89	23.55	23.33	23.38	36.24
40.03	38	167.5	40	22.88	23.54	23.33	23.38	36.24
40.03	38	168.6	40	22.88	23.54	23.33	23.4	36.25
40.03	38	169.6	40	22.87	23.54	23.33	23.41	36.26
40.04	38	170.7	40	22.86	23.54	23.32	23.42	36.28
40.04	38	171.8	40	22.86	23.53	23.31	23.42	36.29
40.04	37	172.8	40	22.85	23.53	23.31	23.43	36.3
40.05	37	173.9	40	22.84	23.53	23.31	23.42	36.31
40.04	37	175	40	22.84	23.53	23.3	23.41	36.32
40.04	37	176	40	22.83	23.53	23.3	23.42	36.33
40.03	37	177.1	40	22.82	23.53	23.29	23.43	36.33
40.02	37	178.2	40	22.82	23.53	23.29	23.43	36.34
40.02	37	179.2	40	22.83	23.53	23.28	23.44	36.34
40.01	38	180.3	40	22.83	23.52	23.28	23.44	36.35
40.01	38	181.4	40	22.82	23.53	23.27	23.45	36.35
40	38	182.4	40	22.82	23.52	23.27	23.46	36.36
40.01	37	183.5	40	22.82	23.51	23.27	23.46	36.37
40.02	37	184.6	40	22.81	23.51	23.27	23.45	36.37
40.02	37	185.6	40	22.8	23.51	23.26	23.45	36.38
40.02	37	186.7	40	22.8	23.51	23.26	23.44	36.39
40.02	37	187.8	40	22.8	23.5	23.26	23.43	36.39
40.01	37	188.8	40	22.81	23.5	23.26	23.42	36.4
40.01	37	189.9	40	22.81	23.5	23.25	23.43	36.4
40	37	191	40	22.81	23.49	23.25	23.42	36.4
40	37	192	40	22.81	23.49	23.25	23.43	36.41
39.99	38	193.1	40	22.8	23.49	23.25	23.43	36.41
39.99	38	194.2	40	22.8	23.49	23.25	23.43	36.41
40	38	195.2	40	22.8	23.49	23.25	23.43	36.42
40.01	37	196.3	40	22.8	23.48	23.25	23.43	36.42
40.02	37	197.4	40	22.8	23.48	23.25	23.43	36.43
40.02	37	198.4	40	22.8	23.48	23.25	23.42	36.44
40.02	37	199.5	40	22.8	23.47	23.26	23.4	36.45
40.01	37	200.6	40	22.8	23.47	23.26	23.41	36.45
40.01	37	201.6	40	22.8	23.46	23.26	23.42	36.46
40.01	37	202.7	40	22.79	23.46	23.26	23.43	36.47
40	37	203.8	40	22.79	23.46	23.26	23.43	36.47
40.01	37	204.8	40	22.79	23.46	23.26	23.42	36.48
40	37	205.9	40	22.78	23.45	23.25	23.38	36.49
40.01	37	207	40	22.78	23.46	23.25	23.37	36.49
40	37	208	40	22.78	23.45	23.25	23.36	36.49
40	37	209.1	40	22.78	23.44	23.24	23.35	36.49
40	37	210.2	40	22.76	23.44	23.24	23.34	36.49
40	37	211.2	40	22.75	23.44	23.23	23.32	36.5
40	37	212.3	40	22.75	23.44	23.23	23.31	36.5
40	37	213.4	40	22.74	23.44	23.23	23.3	36.51
40	37	214.4	40	22.74	23.44	23.23	23.29	36.51
40	37	215.5	40	22.74	23.43	23.23	23.28	36.52
40.01	37	216.6	40	22.74	23.43	23.23	23.28	36.52
40.01	37	217.6	40	22.74	23.43	23.22	23.27	36.52
40	37	218.7	40	22.74	23.43	23.22	23.27	36.53
40.01	37	219.8	40	22.74	23.43	23.22	23.27	36.53
40.01	37	220.8	40	22.75	23.43	23.22	23.27	36.54
40.01	37	221.9	40	22.76	23.43	23.22	23.27	36.55
40.01	37	223	40	22.76	23.42	23.22	23.27	36.55
40.01	37	224	40	22.76	23.43	23.22	23.26	36.56
40.01	37	225.1	40	22.76	23.42	23.22	23.24	36.57
40.01	37	226.2	40	22.77	23.42	23.22	23.23	36.58
40.01	37	227.2	40	22.77	23.42	23.22	23.22	36.58
40.02	37	228.3	40	22.77	23.42	23.22	23.21	36.59
40.02	37	229.4	40	22.77	23.42	23.22	23.21	36.6
40.02	37	230.4	40	22.77	23.42	23.22	23.21	36.6
40.02	37	231.5	40	22.77	23.42	23.21	23.22	36.61
40.02	37	232.6	40	22.78	23.42	23.21	23.24	36.62
40.02	37	233.6	40	22.77	23.41	23.21	23.26	36.62
40.02	37	234.7	40	22.77	23.41	23.21	23.28	36.63
40.02	37	235.8	40	22.76	23.41	23.2	23.28	36.63
40.02	37	236.8	40	22.76	23.41	23.2	23.29	36.64
40.02	37	237.9	40	22.76	23.41	23.2	23.3	36.64
40.02	37	239	40	22.76	23.41	23.2	23.3	36.65
40.02	37	240	40	22.77	23.41	23.2	23.3	36.66
40.02	37	241.1	40	22.77	23.41	23.2	23.3	36.66
40.02	37	242.2	40	22.78	23.4	23.19	23.31	36.66
40.03	37	243.2	40	22.79	23.4	23.19	23.31	36.67
40.03	37	244.3	40	22.79	23.4	23.19	23.32	36.68
40.03	37	245.4	40	22.79	23.4	23.19	23.32	36.68
40.03	37	246.4	40	22.8	23.39	23.19	23.31	36.69
40.04	36	247.5	40	22.79	23.39	23.19	23.31	36.69
40.03	37	248.6	40	22.79	23.39	23.2	23.3	36.7
40.03	36	249.6	40	22.79	23.39	23.2	23.3	36.7
40.03	36	250.7	40	22.8	23.39	23.2	23.3	36.71
40.03	36	251.8	40	22.8	23.38	23.2	23.3	36.71
40.01	37	252.9	40	22.81	23.38	23.2	23.31	36.72
40	37	253.9	40	22.81	23.38	23.2	23.31	36.72
40.01	37	255	40	22.82	23.38	23.21	23.32	36.72
40.01	37	256.1	40	22.82	23.38	23.21	23.32	36.72
40.02	37	257.1	40	22.82	23.38	23.21	23.33	36.73
40.02	36	258.2	40	22.81	23.38	23.22	23.34	36.73
40.02	36	259.3	40	22.82	23.38	23.21	23.33	36.74
40.01	37	260.3	40	22.82	23.38	23.21	23.32	36.74
40.01	37	261.4	40	22.82	23.38	23.21	23.32	36.74
40.02	36	262.5	40	22.83	23.38	23.21	23.32	36.75
40.01	36	263.5	40	22.83	23.38	23.21	23.33	36.74
40	37	264.6	40	22.83	23.38	23.21	23.33	36.75
40.01	37	265.7	40	22.84	23.38	23.21	23.34	36.75
40.01	37	266.7	40	22.85	23.38	23.21	23.34	36.75
40.01	36	267.8	40	22.85	23.38	23.21	23.34	36.75
40.01	36	268.9	40	22.85	23.38	23.21	23.34	36.76
40.01	36	269.9	40	22.86	23.37	23.22	23.34	36.75
40.01	36	271	40	22.87	23.37	23.21	23.34	36.77
40	37	272.1	40	22.87	23.37	23.21	23.34	36.77
40	37	273.1	40	22.88	23.37	23.21	23.35	36.77
40	37	274.2	40	22.89	23.36	23.22	23.36	36.77
40	37	275.3	40	22.89	23.36	23.21	23.37	36.77
40.01	36	276.3	40	22.89	23.36	23.21	23.36	36.77
40.01	36	277.4	40	22.89	23.36	23.21	23.36	36.77
40.01	36	278.5	40	22.89	23.36	23.21	23.36	36.78
40	36	279.5	40	22.89	23.36	23.21	23.35	36.78
39.99	37	280.6	40	22.9	23.36	23.21	23.35	36.79
39.99	37	281.7	40	22.91	23.36	23.21	23.34	36.79
40	37	282.7	40	22.9	23.36	23.21	23.33	36.8
40.01	36	283.8	40	22.89	23.35	23.21	23.33	36.81
40	36	284.9	40	22.88	23.36	23.21	23.34	36.81
40	37	285.9	40	22.87	23.35	23.2	23.34	36.81
40	36	287	40	22.88	23.35	23.2	23.35	36.81
39.99	37	288.1	40	22.87	23.35	23.2	23.36	36.82
40	37	289.1	40	22.86	23.35	23.2	23.36	36.82
40	36	290.2	40	22.85	23.34	23.2	23.36	36.82
40	37	291.3	40	22.85	23.34	23.19	23.36	36.83
40	36	292.3	40	22.85	23.34	23.19	23.36	36.83
40	37	293.4	40	22.83	23.34	23.18	23.36	36.83
40	36	294.5	40	22.82	23.34	23.17	23.38	36.83
39.99	37	295.5	40	22.81	23.34	23.17	23.39	36.84
40.01	36	296.6	40	22.8	23.33	23.16	23.41	36.85
39.99	37	297.7	40	22.8	23.33	23.16	23.41	36.85
40	37	298.7	40	22.79	23.34	23.16	23.42	36.85
40	36	299.8	40	22.79	23.33	23.15	23.43	36.85
40	37	300.9	40	22.79	23.33	23.15	23.44	36.85
40.01	36	301.9	40	22.79	23.33	23.15	23.44	36.86
40	37	303	40	22.79	23.32	23.15	23.44	36.85
40	37	304.1	40	22.79	23.32	23.14	23.44	36.86
40	36	305.1	40	22.79	23.33	23.15	23.44	36.86
40	37	306.2	40	22.79	23.32	23.14	23.44	36.86
40.01	36	307.3	40	22.79	23.32	23.14	23.46	36.87
40	36	308.3	40	22.79	23.32	23.14	23.46	36.87
40	37	309.4	40	22.79	23.32	23.14	23.46	36.88
40	36	310.5	40	22.78	23.32	23.14	23.46	36.88
40	37	311.5	40	22.78	23.31	23.14	23.47	36.88
40	36	312.6	40	22.78	23.32	23.14	23.49	36.88
40	37	313.7	40	22.78	23.31	23.14	23.48	36.88
40	36	314.7	40	22.79	23.31	23.14	23.48	36.9
39.99	37	315.8	40	22.79	23.31	23.14	23.47	36.89
40	36	316.9	40	22.8	23.31	23.14	23.46	36.9
40	37	317.9	40	22.8	23.31	23.14	23.46	36.9
40.01	36	319	40	22.81	23.31	23.14	23.46	36.91
40.01	36	320.1	40	22.81	23.31	23.14	23.47	36.91
40	37	321.1	40	22.81	23.31	23.15	23.48	36.91
40	37	322.2	40	22.81	23.31	23.14	23.48	36.92
40	36	323.3	40	22.8	23.31	23.14	23.46	36.92
40	36	324.3	40	22.81	23.31	23.14	23.44	36.92
40	37	325.4	40	22.8	23.31	23.14	23.44	36.92
40.01	36	326.5	40	22.81	23.31	23.14	23.45	36.93
40	36	327.5	40	22.81	23.31	23.14	23.46	36.93
40	36	328.6	40	22.81	23.31	23.14	23.46	36.93
39.99	37	329.7	40	22.8	23.3	23.14	23.47	36.93
40	37	330.7	40	22.8	23.31	23.14	23.47	36.94
40	36	331.8	40	22.8	23.3	23.14	23.48	36.94
40.01	36	332.9	40	22.8	23.3	23.14	23.49	36.94
40	36	333.9	40	22.8	23.3	23.14	23.5	36.94
39.99	37	335	40	22.8	23.3	23.14	23.51	36.94
40	36	336.1	40	22.79	23.3	23.14	23.5	36.94
40	37	337.1	40	22.79	23.29	23.14	23.5	36.94
40	36	338.2	40	22.79	23.29	23.14	23.52	36.94
40.01	36	339.3	40	22.79	23.29	23.14	23.54	36.95
40	36	340.3	40	22.79	23.29	23.14	23.54	36.94
40	36	341.4	40	22.78	23.29	23.14	23.56	36.95
39.99	37	342.5	40	22.77	23.29	23.14	23.56	36.95
39.99	37	343.5	40	22.77	23.29	23.13	23.56	36.95
40	36	344.6	40	22.78	23.29	23.13	23.56	36.96
40	36	345.7	40	22.78	23.28	23.13	23.55	36.96
40	36	346.7	40	22.78	23.28	23.13	23.54	36.96
40	37	347.8	40	22.79	23.29	23.12	23.53	36.96
40.01	36	348.9	40	22.8	23.29	23.12	23.52	36.97
40	36	349.9	40	22.8	23.29	23.12	23.51	36.97
40.01	36	351	40	22.82	23.29	23.13	23.49	36.73
40	36	352.1	40	22.82	23.29	23.13	23.47	35.88
40	36	353.1	40	22.83	23.29	23.14	23.46	35
39.99	37	354.2	40	22.84	23.29	23.14	23.73	34.19
40	36	355.3	40	22.84	23.29	23.15	25.84	33.42
40	36	356.3	40	22.85	23.29	23.15	29.47	32.61
40	36	357.4	40	22.86	23.29	23.16	31.75	31.89
40	37	358.5	40	22.86	23.29	23.16	33.39	31.23
39.99	37	359.5	40	22.86	23.3	23.16	34.54	30.6
40	36	360.6	40	22.87	23.29	23.17	35.3	30.11
40	36	361.7	40	22.88	23.3	23.17	35.78	29.66
39.99	37	362.7	40	22.88	23.29	23.17	36.11	29.27
40.01	36	363.8	40	22.89	23.29	23.18	36.36	28.81
40	37	364.9	40	22.89	23.29	23.17	36.55	28.39
40.01	36	365.9	40	22.89	23.3	23.17	36.69	27.97
40.01	36	367	40	22.87	23.29	23.17	36.79	27.63
40	36	368.1	40	22.89	23.29	23.17	36.87	27.24
40.01	36	369.1	40	22.89	23.29	23.17	36.91	26.93
40	36	370.2	40	22.89	23.28	23.17	36.95	26.69
40	36	371.3	40	22.88	23.28	23.17	36.97	26.49
40	36	372.3	40	22.88	23.28	23.17	36.99	26.3
40	36	373.4	40	22.87	23.28	23.17	37.01	26.14
39.99	37	374.5	40	22.87	23.28	23.17	37.03	26
40	36	375.5	40	22.86	23.28	23.17	37.04	25.82
40	36	376.6	40	22.86	23.27	23.17	37.05	25.63
40	36	377.7	40	22.84	23.28	23.17	37.05	25.49
40	36	378.7	40	22.84	23.27	23.16	37.05	25.38
40	36	379.8	40	22.84	23.27	23.16	37.05	25.29
40	36	380.9	40	22.81	23.26	23.16	37.05	25.2
40	36	381.9	40	22.81	23.27	23.16	37.07	25.11
40	36	383	40	22.8	23.26	23.16	37.07	25.05
39.99	37	384.1	40	22.79	23.26	23.15	37.07	24.95
40	36	385.1	40	22.79	23.26	23.15	37.07	24.85
40	36	386.2	40	22.79	23.26	23.15	37.07	24.78
40	36	387.3	40	22.78	23.26	23.14	37.07	24.69
40	36	388.3	40	22.79	23.26	23.14	37.07	24.58
39.99	37	389.4	40	22.78	23.25	23.13	37.07	24.5
40	36	390.5	40	22.78	23.25	23.13	37.08	24.41
39.99	37	391.5	40	22.78	23.25	23.13	37.08	24.37
40	36	392.6	40	22.78	23.25	23.12	37.08	24.33
40.01	36	393.7	40	22.78	23.25	23.13	37.08	24.28
40.01	36	394.7	40	22.78	23.25	23.13	37.08	24.25
40	36	395.8	40	22.78	23.25	23.13	37.09	24.21
40	36	396.9	40	22.78	23.25	23.13	37.09	24.15
40	36	397.9	40	22.77	23.25	23.13	37.09	24.09
40	36	399	40	22.78	23.25	23.13	37.1	24.03
40	36	400.1	40	22.78	23.24	23.13	37.09	23.99
40	36	401.1	40	22.78	23.25	23.13	37.09	23.93
40	36	402.2	40	22.78	23.24	23.13	37.08	23.9
40	36	403.3	40	22.78	23.24	23.13	37.08	23.87
40	36	404.3	40	22.78	23.24	23.13	37.09	23.89
40	36	405.4	40	22.78	23.24	23.14	37.09	23.87
40	36	406.5	40	22.78	23.24	23.14	37.09	23.83
40	36	407.5	40	22.78	23.24	23.14	37.11	23.76
40	36	408.6	40	22.79	23.24	23.15	37.1	23.76
40	36	409.7	40	22.79	23.24	23.15	37.11	23.75
40	36	410.7	40	22.8	23.24	23.14	37.11	23.76
40.01	36	411.8	40	22.8	23.24	23.15	37.11	23.79
40	36	412.9	40	22.79	23.24	23.15	37.12	23.81
40	36	413.9	40	22.79	23.24	23.15	37.12	23.83
40.01	36	415	40	22.79	23.24	23.14	37.11	23.85
40.01	36	416.1	40	22.8	23.24	23.14	37.11	23.88
40.01	36	417.1	40	22.79	23.24	23.14	37.11	23.89
40.01	36	418.2	40	22.79	23.24	23.14	37.11	23.88
40.01	36	419.3	40	22.79	23.23	23.14	37.12	23.87
40.01	36	420.3	40	22.79	23.23	23.14	37.12	23.84
40.02	36	421.4	40	22.78	23.23	23.14	37.13	23.85
40.01	36	422.5	40	22.78	23.23	23.14	37.13	23.84
40.01	36	423.5	40	22.78	23.23	23.14	37.14	23.87
40.01	36	424.6	40	22.79	23.23	23.14	37.14	23.87
40	36	425.7	40	22.79	23.23	23.14	37.14	23.87
40.01	36	426.7	40	22.79	23.23	23.14	37.15	23.85
40	36	427.8	40	22.79	23.23	23.14	37.14	23.83
40.01	36	428.9	40	22.79	23.22	23.14	37.15	23.8
40.01	36	429.9	40	22.79	23.22	23.14	37.14	23.77
40.01	36	431	40	22.79	23.22	23.14	37.15	23.76
40.01	36	432.1	40	22.79	23.22	23.14	37.15	23.75
40	36	433.1	40	22.79	23.21	23.14	37.15	23.72
40	36	434.2	40	22.78	23.21	23.14	37.15	23.7
40.01	36	435.3	40	22.78	23.21	23.13	37.15	23.66
40.01	36	436.3	40	22.78	23.21	23.13	37.15	23.62
40	36	437.4	40	22.78	23.2	23.13	37.14	23.6
40.01	36	438.5	40	22.77	23.21	23.12	37.14	23.57
40	36	439.5	40	22.77	23.2	23.12	37.15	23.55
40	36	440.6	40	22.77	23.21	23.11	37.14	23.56
40	36	441.7	40	22.76	23.21	23.11	37.14	23.55
40	36	442.7	40	22.75	23.21	23.1	37.14	23.57
40.01	36	443.8	40	22.74	23.21	23.1	37.15	23.57
40.01	36	444.9	40	22.74	23.21	23.1	37.14	23.56
40	36	445.9	40	22.74	23.21	23.1	37.14	23.54
40	36	447	40	22.73	23.21	23.09	37.15	23.51
40	36	448.1	40	22.73	23.21	23.09	37.15	23.5
40	36	449.1	40	22.73	23.21	23.09	37.14	23.49
40.01	36	450.2	40	22.74	23.2	23.09	37.15	23.47
40.01	36	451.3	40	22.74	23.2	23.08	37.15	23.45
40.01	36	452.3	40	22.74	23.2	23.08	37.15	23.41
40	36	453.4	40	22.75	23.2	23.08	37.15	23.39
40	36	454.5	40	22.75	23.2	23.08	37.15	23.38
40	36	455.5	40	22.75	23.2	23.08	37.14	23.37
40	36	456.6	40	22.75	23.2	23.08	37.14	23.38
40	36	457.7	40	22.76	23.2	23.08	36.75	23.43
40	36	458.7	40	22.76	23.2	23.08	35.67	23.47
40.01	36	459.8	40	22.76	23.2	23.08	34.66	23.48
40	36	460.9	40	22.77	23.2	23.08	33.75	23.76
40.01	36	461.9	40	22.77	23.2	23.09	32.9	25.87
40.01	36	463	40	22.77	23.2	23.09	32.05	29.03
40	36	464.1	40	22.77	23.2	23.09	31.27	31.24
40	36	465.1	40	22.78	23.2	23.09	30.59	33.15
40.01	36	466.2	40	22.78	23.2	23.09	29.97	34.28
40.01	36	467.3	40	22.79	23.2	23.09	29.36	35.07
40.01	36	468.3	40	22.8	23.2	23.09	28.8	35.61
40.01	36	469.4	40	22.8	23.19	23.09	28.28	36.01
40.02	36	470.5	40	22.8	23.19	23.09	27.82	36.29
40.02	36	471.5	40	22.81	23.19	23.09	27.41	36.5
40.02	36	472.6	40	22.81	23.19	23.09	27.04	36.65
40.02	36	473.7	40	22.81	23.19	23.09	26.74	36.76
40.01	36	474.8	40	22.8	23.19	23.09	26.43	36.85
40.01	36	475.8	40	22.8	23.19	23.09	26.13	36.91
40.02	36	476.9	40	22.79	23.19	23.08	25.85	36.96
40.02	36	478	40	22.79	23.19	23.09	25.6	36.99
40.02	36	479	40	22.79	23.19	23.09	25.39	37.02
40.02	36	480.1	40	22.79	23.18	23.09	25.22	37.04
40.02	36	481.2	40	22.79	23.18	23.09	25.06	37.06
40.03	36	482.2	40	22.79	23.18	23.09	24.91	37.08
40.02	36	483.3	40	22.79	23.18	23.09	24.77	37.09
40.03	35	484.4	40	22.79	23.18	23.09	24.62	37.1
40.04	35	485.4	40	22.79	23.18	23.09	24.49	37.11
40.03	35	486.5	40	22.79	23.18	23.09	24.37	37.11
40.02	36	487.6	40	22.79	23.18	23.09	24.25	37.12
40.01	36	488.6	40	22.79	23.18	23.09	24.13	37.12
40	36	489.7	40	22.79	23.18	23.09	24.03	37.12
40	36	490.8	40	22.79	23.18	23.1	23.93	37.12
40.01	36	491.8	40	22.8	23.18	23.09	23.85	37.13
40.02	35	492.9	40	22.79	23.18	23.09	23.77	37.13
40.02	35	494	40	22.8	23.19	23.09	23.69	37.13
40.02	35	495	40	22.81	23.19	23.09	23.62	37.14
40.01	36	496.1	40	22.81	23.19	23.09	23.55	37.14
39.99	36	497.2	40	22.81	23.19	23.09	23.49	37.13
39.99	36	498.2	40	22.82	23.18	23.09	23.43	37.14
39.99	36	499.3	40	22.83	23.18	23.09	23.38	37.14
39.99	36	500.4	40	22.83	23.18	23.09	23.35	37.14
40	36	501.4	40	22.83	23.18	23.09	23.33	37.15
40	36	502.5	40	22.84	23.18	23.09	23.29	36.24
40.01	36	503.6	40	22.85	23.18	23.1	23.26	34.88
40.01	36	504.6	40	22.86	23.18	23.11	23.6	33.69
40.01	36	505.7	40	22.87	23.19	23.11	26.97	32.62
40.01	36	506.8	40	22.89	23.19	23.12	30.2	31.74
40.01	36	507.8	40	22.91	23.19	23.13	32.17	31
40.01	36	508.9	40	22.92	23.19	23.13	33.32	30.26
40.01	35	510	40	22.92	23.19	23.14	34.18	29.73
40.01	35	511	40	22.92	23.19	23.14	34.85	29.18
40.01	36	512.1	40	22.91	23.19	23.13	35.38	28.69
39.99	36	513.2	40	22.89	23.19	23.13	35.78	28.15
39.98	36	514.2	40	22.89	23.19	23.13	36.08	27.67
39.99	36	515.3	40	22.88	23.18	23.12	36.31	27.29
40	36	516.4	40	22.88	23.18	23.12	36.49	26.92
39.99	36	517.4	40	22.88	23.18	23.12	36.63	26.56
39.99	36	518.5	40	22.87	23.18	23.11	36.72	26.26
40	36	519.6	40	22.87	23.18	23.11	36.81	25.97
39.99	36	520.6	40	22.86	23.18	23.11	36.87	25.71
39.99	36	521.7	40	22.86	23.18	23.1	36.91	25.47
40	36	522.8	40	22.86	23.18	23.1	36.94	25.28
40	36	523.8	40	22.86	23.18	23.09	36.96	25.14
40	36	524.9	40	22.85	23.17	23.09	36.98	25.01
40	36	526	40	22.85	23.17	23.09	37	24.93
40.01	36	527	40	22.84	23.17	23.09	37.01	24.85
40.01	36	528.1	40	22.84	23.17	23.09	37.02	24.72
40.01	36	529.2	40	22.84	23.17	23.08	37.03	24.6
40.01	36	530.2	40	22.83	23.17	23.08	37.04	24.49
40.01	35	531.3	40	22.82	23.17	23.07	37.05	24.41
40.02	35	532.4	40	22.81	23.16	23.06	37.06	24.38
40.01	35	533.4	40	22.81	23.16	23.06	37.06	24.33
40	36	534.5	40	22.81	23.16	23.06	37.06	24.31
39.98	36	535.6	40	22.8	23.16	23.06	37.07	24.27
39.98	36	536.6	40	22.8	23.16	23.07	37.07	24.22
39.99	36	537.7	40	22.8	23.16	23.07	37.06	24.16
40	36	538.8	40	22.8	23.16	23.07	37.08	24.1
40	36	539.8	40	22.8	23.16	23.07	37.09	24.03
39.99	36	540.9	40	22.8	23.16	23.07	37.09	23.98
40	36	542	40	22.8	23.16	23.07	37.09	23.93
40	36	543	40	22.81	23.16	23.08	37.09	23.87
40.01	36	544.1	40	22.81	23.16	23.08	37.09	23.83
40.01	36	545.2	40	22.82	23.16	23.08	37.09	23.79
40.01	36	546.2	40	22.83	23.16	23.08	37.1	23.77
40.01	35	547.3	40	22.83	23.16	23.08	37.09	23.75
40.02	35	548.4	40	22.84	23.16	23.08	37.1	23.71
40.01	35	549.4	40	22.84	23.16	23.08	37.1	23.72
40	36	550.5	40	22.84	23.16	23.09	37.1	23.72
39.98	36	551.6	40	22.84	23.16	23.08	37.1	23.74
39.99	36	552.6	40	22.85	23.16	23.09	37.1	23.77
39.99	36	553.7	40	22.86	23.16	23.09	37.1	23.77
39.99	36	554.8	40	22.87	23.16	23.09	37.1	23.8
40	36	555.8	40	22.89	23.16	23.1	37.1	23.82
40	36	556.9	40	22.9	23.16	23.1	37.1	23.8
40	36	558	40	22.91	23.16	23.1	37.11	23.77
40	36	559	40	22.92	23.16	23.1	37.11	23.76
40.01	36	560.1	40	22.93	23.16	23.1	37.12	23.76
40.01	35	561.2	40	22.93	23.15	23.1	37.12	23.76
40.02	35	562.2	40	22.93	23.16	23.1	37.12	23.75
40.02	35	563.3	40	22.94	23.15	23.11	37.13	23.74
40.01	35	564.4	40	22.94	23.16	23.1	37.13	23.72
40	36	565.4	40	22.94	23.16	23.1	37.13	23.7
39.98	36	566.5	40	22.94	23.15	23.11	37.13	23.7
39.99	36	567.6	40	22.93	23.16	23.11	37.13	23.72
39.99	36	568.6	40	22.93	23.16	23.11	37.13	23.72
40	36	569.7	40	22.93	23.16	23.11	37.13	23.72
40	36	570.8	40	22.93	23.16	23.11	37.13	23.71
40.01	35	571.8	40	22.93	23.16	23.11	37.13	23.71
40.02	35	572.9	40	22.93	23.15	23.12	37.13	23.71
40.01	35	574	40	22.93	23.16	23.12	37.13	23.7
39.99	36	575	40	22.93	23.15	23.12	37.14	23.67
39.98	36	576.1	40	22.93	23.16	23.12	37.14	23.64
39.98	36	577.2	40	22.92	23.16	23.12	37.13	23.63
39.99	36	578.2	40	22.92	23.16	23.12	37.13	23.63
39.98	36	579.3	40	22.93	23.16	23.12	37.14	23.61
39.99	36	580.4	40	22.92	23.16	23.12	37.14	23.6
39.99	36	581.4	40	22.91	23.15	23.12	37.14	23.6
39.99	36	582.5	40	22.91	23.16	23.12	37.14	23.6
40	36	583.6	40	22.91	23.16	23.12	37.14	23.61
40.01	36	584.6	40	22.92	23.15	23.13	37.14	23.6
40.01	36	585.7	40	22.92	23.16	23.13	37.13	23.61
40	36	586.8	40	22.92	23.16	23.13	37.14	23.64
40.01	35	587.8	40	22.92	23.16	23.13	37.06	23.62
40.02	35	588.9	40	22.92	23.16	23.14	36.1	23.6
40.02	35	590	40	22.92	23.16	23.13	35.11	23.59
40.01	35	591	40	22.92	23.16	23.13	33.67	23.54
40	36	592.1	40	22.93	23.16	23.13	32.28	23.51
39.98	36	593.2	40	22.94	23.16	23.13	31.07	23.48
39.99	36	594.2	40	22.95	23.17	23.17	29.98	23.48
39.99	36	595.3	40	22.96	23.17	23.19	29.07	23.47
40.06	35	596.4	40	23.07	23.27	23.3	28.36	23.54
40.07	35	597.4	40	23.08	23.28	23.3	27.67	23.54
40.06	35	598.5	40	23.09	23.28	23.3	27.07	23.53
40.06	35	599.6	40	23.11	23.28	23.28	26.56	23.52
40.05	35	600.6	40	23.11	23.28	23.3	26.12	23.51
40.04	35	601.7	40	23.12	23.28	23.5	25.72	23.5
40.03	35	602.8	40	23.11	23.28	25.25	25.35	23.49
40.03	35	603.8	40	23.11	23.27	28.19	25.03	23.47
40.03	35	604.9	40	23.1	23.28	30.81	24.77	23.48
40.02	35	606	40	23.1	23.27	32.21	24.53	23.53
40.01	35	607	40	23.1	23.27	33.7	24.32	23.6
40.01	35	608.1	40	23.1	23.27	34.53	24.15	23.64
40.01	35	609.2	40	23.09	23.27	35.32	24	23.7
40	35	610.2	40	23.09	23.27	35.88	23.89	23.75
40	35	611.3	40	23.09	23.27	36.27	23.78	23.77
40	35	612.4	40	23.09	23.27	36.56	23.7	23.78
40	35	613.4	40	23.09	23.27	36.77	23.61	23.78
39.99	35	614.5	40	23.07	23.27	36.91	23.54	23.78
39.99	35	615.6	40	23.07	23.26	37.02	23.48	23.77
39.99	35	616.6	40	23.05	23.26	37.09	23.43	23.76
39.98	35	617.7	40	23.04	23.26	37.14	23.38	23.73
39.98	35	618.8	40	23.03	23.26	37.18	23.34	23.71
39.97	35	619.8	40	23.02	23.26	37.21	23.31	23.7
39.97	35	620.9	40	23.01	23.26	37.23	23.28	23.69
39.97	36	622	40	23	23.26	37.25	23.25	23.68
39.96	36	623	40	22.99	23.25	37.25	23.22	23.67
39.97	36	624.1	40	22.98	23.25	37.26	23.2	23.66
39.97	36	625.2	40	22.98	23.25	37.27	23.17	23.66
39.99	35	626.2	40	22.98	23.25	37.28	23.17	23.68
40	35	627.3	40	22.97	23.25	37.28	23.16	23.69
40	35	628.4	40	22.97	23.25	37.29	23.14	23.68
40	35	629.4	40	22.97	23.24	37.28	23.14	23.67
39.99	35	630.5	40	22.96	23.24	37.29	23.12	23.68
39.99	36	631.6	40	22.96	23.24	37.29	23.11	23.66
39.97	36	632.6	40	22.95	23.24	37.29	23.1	23.65
39.98	36	633.7	40	22.94	23.24	37.29	23.1	23.65
39.98	36	634.8	40	22.94	23.24	37.29	23.09	23.66
39.99	36	635.8	40	22.94	23.24	37.29	23.08	23.7
40	35	636.9	40	22.94	23.25	37.3	23.07	23.71
40.02	35	638	40	22.94	23.25	37.31	23.07	23.72
40.01	35	639	40	22.95	23.24	37.31	23.07	23.7
40.01	35	640.1	40	22.95	23.24	37.32	23.07	23.7
40	35	641.2	40	22.95	23.25	37.32	23.07	23.7
40	35	642.2	40	22.95	23.24	37.32	23.06	23.69
39.99	35	643.3	40	22.95	23.25	37.31	23.06	23.67
39.99	36	644.4	40	22.95	23.25	37.32	23.05	23.65
39.98	36	645.4	40	22.95	23.25	37.31	23.06	23.64
39.98	36	646.5	40	22.96	23.25	37.31	23.06	23.63
39.99	36	647.6	40	22.96	23.25	37.31	23.06	23.62
40	35	648.6	40	22.96	23.25	37.31	23.06	23.6
40.02	35	649.7	40	22.96	23.25	37.32	23.06	23.59
40.01	35	650.8	40	22.96	23.25	37.33	23.05	23.58
40.01	35	651.8	40	22.96	23.25	37.32	23.06	23.59
40	35	652.9	40	22.95	23.25	37.33	23.07	23.61
40	36	654	40	22.95	23.25	37.33	23.07	23.62
39.98	36	655	40	22.95	23.25	37.33	23.07	23.61
39.99	36	656.1	40	22.96	23.25	37.33	23.07	23.61
39.99	36	657.2	40	22.96	23.25	37.34	23.07	23.61
40.01	35	658.2	40	22.96	23.25	37.33	23.06	23.59
40.03	35	659.3	40	22.96	23.25	37.34	23.06	23.58
40.03	35	660.4	40	22.97	23.25	37.34	23.06	23.58
40.02	35	661.4	40	22.97	23.25	37.34	23.06	23.59
40.01	35	662.5	40	22.98	23.25	37.35	23.06	23.61
40.01	35	663.6	40	22.98	23.25	37.35	23.06	23.61
40.01	35	664.6	40	22.99	23.25	37.35	23.06	23.6
40.01	35	665.7	40	23	23.25	37.34	23.05	23.6
40	35	666.8	40	23.01	23.25	37.34	23.05	23.6
39.99	35	667.8	40	23.01	23.25	37.34	23.05	23.59
39.99	35	668.9	40	23.02	23.25	37.34	23.06	23.59
39.99	35	670	40	23.03	23.25	37.34	23.06	23.59
39.99	36	671	40	23.02	23.25	37.34	23.06	23.6
39.99	36	672.1	40	23.02	23.25	37.34	23.06	23.58
39.99	36	673.2	40	23.03	23.25	37.34	23.05	23.57
39.99	36	674.2	40	23.02	23.25	37.34	23.05	23.55
40.01	35	675.3	40	23.02	23.25	37.34	23.04	23.54
40.02	35	676.4	40	23.02	23.25	37.34	23.04	23.52
40.02	35	677.4	40	23.02	23.25	37.34	23.03	23.51
40.01	35	678.5	40	23.02	23.25	37.34	23.04	23.51
40	35	679.6	40	23.02	23.24	37.35	23.05	23.51
40	35	680.6	40	23.01	23.24	37.35	23.05	23.51
39.99	35	681.7	40	23	23.24	37.35	23.06	23.51
39.99	36	682.8	40	22.99	23.25	37.35	23.05	23.5
39.98	36	683.8	40	22.99	23.24	37.35	23.05	23.48
39.99	36	684.9	40	22.98	23.24	37.35	23.04	23.47
39.98	36	686	40	22.98	23.24	37.35	23.03	23.46
40	35	687	40	22.98	23.24	37.35	23.03	23.45
40.01	35	688.1	40	22.98	23.25	37.35	23.03	23.45
40.01	35	689.2	40	22.99	23.25	37.35	23.04	23.45
40.01	35	690.2	40	23	23.25	37.35	23.05	23.46
40	35	691.3	40	23	23.25	37.36	23.06	23.47
40	35	692.4	40	23.01	23.25	37.36	23.06	23.48
39.99	36	693.4	40	23.02	23.25	37.36	23.07	23.49
39.98	36	694.5	40	23.03	23.25	37.36	23.08	23.5
39.99	36	695.6	40	23.05	23.25	37.35	23.08	23.5
39.99	36	696.6	40	23.07	23.25	37.35	23.09	23.51
40.01	35	697.7	40	23.08	23.25	37.36	23.08	23.51
40.02	35	698.8	40	23.08	23.25	37.36	23.08	23.51
40.02	35	699.8	40	23.08	23.25	37.36	23.09	23.52
40.01	35	700.9	40	23.08	23.25	37.36	23.09	23.54
40.01	35	702	40	23.08	23.25	37.37	23.09	23.54
40.01	35	703	40	23.08	23.25	37.37	23.08	23.55
40	35	704.1	40	23.08	23.25	37.37	23.08	23.55
40	35	705.2	40	23.07	23.25	37.37	23.09	23.55
40	35	706.2	40	23.07	23.25	37.37	23.09	23.56
40	35	707.3	40	23.07	23.25	37.37	23.1	23.57
39.99	35	708.4	40	23.07	23.25	37.37	23.1	23.57
39.99	36	709.4	40	23.06	23.25	37.37	23.12	23.61
39.98	36	710.5	40	23.06	23.25	36.95	23.18	23.67
39.98	36	711.6	40	23.07	23.26	36.18	23.21	23.76
40	35	712.6	40	23.08	23.27	35.43	23.26	23.81
40.02	35	713.7	40	23.09	23.28	34.64	23.3	23.85
40.02	35	714.8	40	23.06	23.2	33.88	23.25	23.78
39.95	36	715.8	40	23.03	23.26	33.23	23.29	23.87
40.07	35	716.9	40	23.2	23.43	32.67	23.37	23.91
40.01	35	718	40	23.11	23.31	32.04	23.33	24
39.81	38	719	40	22.98	23.2	31.36	23.19	23.81
39.9	37	720.1	40	22.95	23.14	30.92	23.31	23.95
40.04	35	721.2	40	23.08	23.36	30.57	23.32	23.99
40.07	35	722.2	40	23.08	23.43	30.19	23.32	23.99
40.08	35	723.3	40	23.07	24.02	29.84	23.3	23.99
40.07	35	724.4	40	23.07	27.76	29.47	23.29	24.01
40.06	35	725.4	40	23.06	30.63	29.16	23.36	24.07
40.05	35	726.5	40	23.06	32.35	28.93	23.39	24.12
40.05	35	727.6	40	23.06	33.4	28.74	23.44	24.17
40.04	35	728.6	40	23.07	34.29	28.57	23.48	24.22
40.03	35	729.7	40	23.06	34.91	28.38	23.47	24.25
40.03	35	730.8	40	23.06	35.41	28.15	23.44	24.27
40.03	35	731.8	40	23.06	35.82	27.99	23.4	24.29
40.03	35	732.9	40	23.05	36.14	27.82	23.39	24.3
40.03	35	734	40	23.05	36.4	27.71	23.37	24.32
40.02	35	735	40	23.03	36.6	27.58	23.35	24.32
40.01	35	736.1	40	23.03	36.75	27.47	23.31	24.34
40.01	35	737.2	40	23.03	36.87	27.39	23.3	24.38
40.01	35	738.2	40	23.03	36.96	27.33	23.3	24.39
40.01	35	739.3	40	23.02	37.03	27.23	23.3	24.42
40.01	35	740.4	40	23.01	37.09	27.16	23.33	24.45
40.01	35	741.4	40	23.01	37.13	27.07	23.32	24.47
40.01	35	742.5	40	23	37.17	27	23.32	24.49
40.01	35	743.6	40	23	37.19	26.96	23.32	24.51
40	35	744.6	40	23	37.21	26.95	23.31	24.52
40	35	745.7	40	22.99	37.22	26.92	23.29	24.54
40	35	746.8	40	22.99	37.24	26.88	23.3	24.55
40	35	747.8	40	22.99	37.25	26.81	23.33	24.55
40	35	748.9	40	22.98	37.26	26.73	23.31	24.55
39.99	35	750	40	22.98	37.26	26.65	23.3	24.55
39.99	35	751	40	22.98	37.27	26.6	23.3	24.54
39.99	35	752.1	40	22.97	37.28	26.56	23.3	24.54
39.99	35	753.2	40	22.97	37.28	26.46	23.3	24.53
39.99	35	754.2	40	22.96	37.28	26.4	23.29	24.52
39.99	35	755.3	40	22.96	37.28	26.36	23.29	24.51
39.99	35	756.4	40	22.97	37.28	26.32	23.29	24.5
39.99	35	757.4	40	22.97	37.28	26.29	23.27	24.49
39.99	35	758.5	40	22.97	37.28	26.26	23.25	24.48
39.99	35	759.6	40	22.97	37.28	26.2	23.23	24.46
39.99	35	760.6	40	22.98	37.28	26.15	23.21	24.46
39.98	35	761.7	40	22.97	37.27	26.15	23.19	24.45
39.99	35	762.8	40	22.97	37.27	26.12	23.18	24.45
39.99	35	763.8	40	22.97	37.27	26.09	23.16	24.44
39.98	35	764.9	40	22.96	37.26	26.07	23.14	24.44
39.99	35	766	40	22.96	37.26	26.03	23.13	24.44
39.99	35	767	40	22.96	37.26	25.99	23.13	24.44
39.98	35	768.1	40	22.96	37.25	25.96	23.12	24.44
39.98	35	769.2	40	22.97	37.26	25.93	23.12	24.44
39.99	35	770.2	40	22.98	37.25	25.91	23.12	24.45
39.98	35	771.3	40	22.99	36.47	25.92	23.12	24.45
39.98	35	772.3	40	23	34.94	25.94	23.11	24.46
39.98	35	773.4	40	23	33.65	26.03	23.09	24.45
39.99	35	774.5	40	23.04	32.47	26.02	23.13	24.51
40.03	35	775.5	40	23.09	31.46	26.07	23.16	24.53
39.95	36	776.6	40	23.05	30.48	26.01	23.1	24.46
39.85	37	777.7	40	23.01	29.64	25.91	23.02	24.41
40.01	35	778.7	40	23.1	29.05	26.05	23.16	24.52
40.04	35	779.8	40	23.11	28.38	26.07	23.15	24.53
40.04	35	780.9	40	23.12	27.75	26.09	23.14	24.53
40.05	35	781.9	40	23.21	27.26	26.12	23.15	24.54
40.04	35	783	40	23.26	26.83	26.13	23.17	24.55
40.04	35	784.1	40	23.72	26.5	26.15	23.22	24.56
40.03	35	785.2	40	24.82	26.18	26.18	23.25	24.56
40.03	35	786.2	40	27	25.89	26.19	23.29	24.58
40.03	35	787.3	40	30.27	25.7	26.21	23.35	24.59
40.02	35	788.4	40	32.02	25.63	26.22	23.37	24.6
40.02	35	789.4	40	33.7	25.41	26.22	23.36	24.6
40.02	35	790.5	40	34.74	25.21	26.24	23.37	24.6
40.02	35	791.6	40	35.47	25.01	26.29	23.37	24.62
40.02	35	792.6	40	35.99	24.83	26.32	23.36	24.64
40.01	35	793.7	40	36.38	24.67	26.33	23.35	24.67
40.01	35	794.8	40	36.66	24.53	26.35	23.32	24.68
40.01	35	795.8	40	36.87	24.37	26.39	23.3	24.7
40.01	35	796.9	40	37.01	24.23	26.42	23.27	24.71
40.01	35	798	40	37.12	24.11	26.45	23.25	24.71
40.01	35	799	40	37.2	24	26.46	23.23	24.7
40.01	35	800.1	40	37.27	23.9	26.49	23.22	24.71
40.01	35	801.2	40	37.31	23.81	26.52	23.2	24.72
40.01	35	802.2	40	37.35	23.73	26.54	23.2	24.73
40.01	35	803.3	40	37.37	23.67	26.56	23.19	24.73
40.01	35	804.4	40	37.39	23.6	26.58	23.18	24.73
40.01	35	805.4	40	37.41	23.55	26.56	23.16	24.73
40	35	806.5	40	37.42	23.51	26.51	23.15	24.72
40	35	807.6	40	37.43	23.51	26.47	23.16	24.72
40	35	808.6	40	37.44	23.53	26.42	23.19	24.71
40.01	35	809.7	40	37.45	23.56	26.36	23.22	24.7
40.01	35	810.8	40	37.45	23.55	26.29	23.25	24.69
40	35	811.8	40	37.46	23.58	26.24	23.27	24.68
40.01	35	812.9	40	37.47	23.59	26.23	23.26	24.67
40	35	814	40	37.47	23.6	26.2	23.26	24.66
40.01	35	815	40	37.48	23.59	26.18	23.27	24.64
40.01	35	816.1	40	37.49	23.6	26.17	23.28	24.63
40.01	35	817.2	40	37.49	23.61	26.17	23.27	24.63
40.01	35	818.2	40	37.49	23.6	26.16	23.26	24.62
40.01	35	819.3	40	37.49	23.57	26.17	23.25	24.62
40.01	35	820.4	40	37.49	23.52	26.2	23.24	24.62
40.01	35	821.4	40	37.48	23.52	26.22	23.26	24.63
40.02	35	822.5	40	37.48	23.51	26.25	23.27	24.64
40.01	35	823.6	40	37.48	23.49	26.27	23.28	24.65
40.01	35	824.6	40	37.47	23.47	26.26	23.27	24.65
40.01	35	825.7	40	37.47	23.44	26.25	23.27	24.64
40.01	35	826.8	40	37.47	23.42	26.23	23.25	24.63
40.01	35	827.8	40	37.47	23.41	26.22	23.25	24.63
40.01	35	828.9	40	37.47	23.4	26.22	23.24	24.62
40.01	35	830	40	37.47	23.37	26.25	23.22	24.61
40.01	35	831	40	37.47	23.36	26.27	23.22	24.59
40.01	35	832.1	40	37.47	23.33	26.31	23.2	24.58
40.01	35	833.2	40	37.47	23.3	26.31	23.19	24.58
40.01	35	834.2	40	37.47	23.29	26.3	23.19	24.58
40	35	835.3	40	37.47	23.28	26.3	23.19	24.57
40.01	35	836.4	40	37.47	23.29	26.3	23.19	24.56
40.01	35	837.4	40	37.47	23.28	26.31	23.18	24.57
40.01	35	838.5	40	37.47	23.29	26.3	23.19	24.59
40.01	35	839.6	40	37.47	23.35	26.29	23.22	24.59
40	35	840.6	40	37.47	23.38	26.25	23.26	24.59
40	35	841.7	40	37.47	23.44	26.23	23.31	24.58
40	35	842.8	40	37.47	23.47	26.19	23.36	24.57
40	35	843.8	40	37.47	23.5	26.15	23.41	24.57
40	35	844.9	40	37.47	23.53	26.11	23.44	24.58
40.01	35	846	40	37.47	23.55	26.09	23.45	24.58
40.01	35	847	40	37.47	23.58	26.06	23.46	24.59
40.01	35	848.1	40	37.47	23.59	26.02	23.44	24.59
40.01	35	849.2	40	37.47	23.63	25.99	23.44	24.58
40.01	34	850.2	40	37.46	23.63	25.95	23.42	24.59
40.01	34	851.3	40	37.46	23.68	25.89	23.44	24.59
40	35	852.4	40	37.46	23.74	25.85	23.46	24.6
39.99	35	853.4	40	37.48	23.79	25.81	23.5	24.62
39.99	35	854.5	40	37.48	23.81	25.77	23.51	24.62
39.99	35	855.6	40	37.48	23.85	25.75	23.5	24.63
39.99	35	856.6	40	37.49	23.91	25.74	23.51	24.64
39.99	35	857.7	40	37.49	23.91	25.71	23.54	24.65
40	35	858.8	40	37.5	23.88	25.68	23.53	24.63
39.99	35	859.8	40	37.5	23.85	25.67	23.53	24.62
40	35	860.9	40	37.5	23.87	25.7	23.53	24.62
40	35	862	40	37.5	23.92	25.75	23.53	24.63
40	35	863	40	37.5	23.91	25.82	23.52	24.64
40	35	864.1	40	37.5	23.88	25.85	23.52	24.66
40	35	865.2	40	37.5	23.83	25.89	23.5	24.68
40	35	866.2	40	37.5	23.79	25.92	23.48	24.7
40	35	867.3	40	37.51	23.74	25.95	23.45	24.71
40	35	868.4	40	37.5	23.69	26	23.41	24.73
40.01	35	869.4	40	37.5	23.62	26.08	23.38	24.74
40.01	34	870.5	40	37.51	23.56	26.15	23.35	24.76
40	35	871.6	40	37.5	23.51	26.21	23.32	24.77
40	35	872.6	40	37.51	23.46	26.25	23.3	24.77
39.99	35	873.7	40	37.51	23.43	26.29	23.28	24.77
39.99	35	874.8	40	37.51	23.39	26.29	23.26	24.77
40	35	875.8	40	37.51	23.37	26.28	23.25	24.76
39.99	35	876.9	40	37.52	23.4	26.25	23.25	24.75
40	35	878	40	37.52	23.42	26.23	23.25	24.74
39.99	35	879	40	37.52	23.44	26.22	23.25	24.73
40	35	880.1	40	37.52	23.46	26.21	23.25	24.71
40	35	881.2	40	37.52	23.49	26.2	23.25	24.7
40	35	882.2	40	37.52	23.52	26.19	23.27	24.7
40	35	883.3	40	37.53	23.56	26.21	23.28	24.7
40	35	884.4	40	37.53	23.57	26.22	23.27	24.69
40.01	35	885.4	40	37.53	23.54	26.24	23.27	24.7
40	35	886.5	40	37.52	23.53	26.28	23.26	24.72
40	35	887.6	40	37.52	23.51	26.28	23.26	24.73
40.01	35	888.6	40	37.52	23.5	26.28	23.25	24.73
40	35	889.7	40	37.51	23.49	26.3	23.25	24.72
40.01	35	890.8	40	37.51	23.45	26.33	23.24	24.73
40	35	891.8	40	37.51	23.42	26.36	23.22	24.75
40	35	892.9	40	37.51	23.39	26.37	23.21	24.76
40	35	894	40	37.51	23.38	26.37	23.2	24.77
40	35	895	40	37.51	23.37	26.39	23.2	24.76
40	35	896.1	40	37.51	23.35	26.44	23.19	24.76
40	35	897.2	40	37.51	23.33	26.48	23.18	24.77
40	35	898.2	40	37.52	23.3	26.5	23.17	24.76
40	35	899.3	40	37.52	23.28	26.53	23.16	24.75
40	35	900.4	40	37.52	23.26	26.54	23.14	24.76
39.99	35	901.4	40	37.52	23.23	26.53	23.12	24.77
40	35	902.5	40	37.52	23.22	26.52	23.11	24.76
39.99	35	903.6	40	37.52	23.2	26.52	23.1	24.77
40	35	904.6	40	37.51	23.19	26.52	23.1	24.79
40	35	905.7	40	37.51	23.22	26.53	23.12	24.8
40	35	906.8	40	37.51	23.26	26.49	23.15	24.79
40	35	907.8	40	37.51	23.29	26.48	23.19	24.77
40	35	908.9	40	37.5	23.34	26.43	23.23	24.77
40	35	910	40	37.5	23.36	26.43	23.24	24.75
40	35	911	40	37.5	23.37	26.43	23.23	24.74
40	35	912.1	40	37.5	23.33	26.44	23.21	24.74
40	35	913.2	40	37.5	23.34	26.45	23.2	24.74
40	35	914.2	40	37.5	23.37	26.42	23.21	24.74
40	35	915.3	40	37.5	23.39	26.36	23.26	24.73
40	35	916.4	40	37.5	23.41	26.31	23.28	24.73
39.99	35	917.4	40	37.5	23.45	26.28	23.29	24.72
