Temperature	PWM	Time	Set Temperature	T1	T2	T3	T4	T5


Mode	time	PWM	Heat/Cool	K_p	K_I	Set Temp	Reset Int	Sin amplitude	Sin period
Sin	19.6	255	1		20.0	1.0	40.0		1		20.0		160.0

66.41	91	53.8	57.12	47.65	44.45	35.01	31.98	31.26
65.87	83	54.9	56.67	48.05	44.86	35.33	32.15	31.35
65.31	75	56	56.19	48.4	45.23	35.66	32.34	31.44
64.74	67	57	55.68	48.69	45.56	35.99	32.53	31.54
64.15	58	58.1	55.15	48.94	45.85	36.3	32.71	31.64
63.52	50	59.2	54.59	49.14	46.09	36.59	32.9	31.74
62.85	42	60.3	54	49.29	46.29	36.89	33.1	31.85
62.2	33	61.3	53.39	49.42	46.47	37.16	33.3	31.97
61.48	26	62.4	52.75	49.51	46.61	37.42	33.5	32.09
60.69	19	63.5	52.09	49.56	46.74	37.67	33.7	32.22
59.94	11	64.5	51.41	49.58	46.84	37.92	33.9	32.35
59.12	5	65.6	50.71	49.56	46.91	38.14	34.09	32.48
58.26	-2	66.7	49.99	49.52	46.97	38.36	34.28	32.6
57.39	-10	67.7	49.26	49.44	46.97	38.57	34.47	32.72
56.5	-18	68.8	48.5	49.33	46.96	38.75	34.65	32.85
55.62	-27	69.9	47.73	49.19	46.91	38.93	34.83	32.98
54.78	-37	71	46.95	49.03	46.83	39.09	35	33.09
53.94	-48	72	46.16	48.82	46.73	39.23	35.16	33.21
53.11	-58	73.1	45.35	48.62	46.61	39.36	35.32	33.32
52.27	-70	74.2	44.54	48.37	46.46	39.48	35.46	33.43
51.43	-81	75.2	43.71	48.12	46.3	39.58	35.58	33.53
50.6	-92	76.3	42.88	47.86	46.14	39.67	35.7	33.63
49.74	-103	77.4	42.05	47.59	45.95	39.74	35.82	33.73
48.86	-113	78.5	41.21	47.29	45.76	39.8	35.91	33.84
47.98	-124	79.5	40.37	46.98	45.54	39.85	36.02	33.94
47.09	-134	80.6	39.53	46.66	45.31	39.88	36.13	34.02
46.18	-143	81.7	38.69	46.31	45.09	39.91	36.22	34.12
45.28	-152	82.7	37.85	45.97	44.83	39.94	36.32	34.21
44.36	-161	83.8	37.02	45.61	44.57	39.94	36.4	34.3
43.46	-170	84.9	36.19	45.23	44.28	39.93	36.48	34.39
42.53	-177	86	35.36	44.84	43.97	39.9	36.55	34.48
41.59	-185	87	34.55	44.44	43.66	39.87	36.63	34.57
40.66	-192	88.1	33.75	44.02	43.33	39.84	36.69	34.65
39.73	-198	89.2	32.95	43.6	42.99	39.8	36.74	34.74
38.8	-204	90.2	32.17	43.15	42.63	39.73	36.79	34.81
37.87	-209	91.3	31.4	42.71	42.28	39.66	36.83	34.89
36.96	-214	92.4	30.65	42.26	41.94	39.58	36.87	34.95
36.04	-218	93.5	29.91	41.79	41.57	39.5	36.88	35.01
35.13	-221	94.5	29.2	41.32	41.2	39.4	36.89	35.04
34.26	-225	95.6	28.5	40.85	40.83	39.29	36.9	35.08
33.39	-228	96.7	27.82	40.36	40.43	39.17	36.89	35.11
32.54	-231	97.7	27.16	39.87	40.02	39.04	36.87	35.14
31.7	-233	98.8	26.53	39.38	39.6	38.9	36.84	35.16
30.87	-234	99.9	25.92	38.88	39.18	38.74	36.81	35.19
30.06	-235	101	25.33	38.38	38.76	38.58	36.76	35.2
29.27	-236	102	24.77	37.89	38.35	38.43	36.71	35.21
28.51	-235	103.1	24.24	37.39	37.94	38.24	36.65	35.21
27.77	-235	104.2	23.73	36.9	37.53	38.07	36.6	35.22
27.04	-234	105.3	23.26	36.4	37.11	37.9	36.52	35.21
26.33	-232	106.3	22.81	35.89	36.67	37.72	36.46	35.2
25.65	-229	107.4	22.39	35.41	36.23	37.52	36.38	35.18
25	-226	108.5	22.01	34.91	35.81	37.32	36.28	35.14
24.37	-222	109.6	21.66	34.42	35.38	37.11	36.17	35.1
23.79	-219	110.6	21.34	33.94	34.95	36.91	36.05	35.05
23.23	-215	111.7	21.05	33.47	34.54	36.69	35.95	35
22.71	-210	112.8	20.8	33	34.14	36.48	35.83	34.96
22.2	-204	113.9	20.58	32.54	33.73	36.26	35.73	34.92
21.74	-199	114.9	20.39	32.09	33.33	36.05	35.62	34.88
21.31	-192	116	20.24	31.66	32.95	35.83	35.52	34.84
20.93	-186	117.1	20.13	31.23	32.56	35.61	35.41	34.79
20.56	-178	118.2	20.05	30.82	32.18	35.38	35.29	34.74
20.23	-171	119.2	20.01	30.41	31.81	35.16	35.17	34.69
19.95	-163	120.3	20	30.03	31.46	34.93	35.06	34.64
19.7	-155	121.4	20.03	29.65	31.11	34.7	34.93	34.58
19.49	-146	122.5	20.09	29.28	30.77	34.48	34.82	34.52
19.31	-137	123.5	20.19	28.93	30.44	34.26	34.69	34.46
19.16	-127	124.6	20.33	28.6	30.13	34.05	34.57	34.4
19.05	-117	125.7	20.5	28.28	29.83	33.82	34.45	34.32
18.98	-107	126.8	20.7	27.98	29.54	33.61	34.32	34.26
18.94	-96	127.8	20.94	27.69	29.26	33.38	34.18	34.17
18.96	-86	128.9	21.21	27.43	28.99	33.16	34.04	34.09
18.99	-74	130	21.52	27.17	28.75	32.94	33.89	34
19.06	-63	131.1	21.86	26.94	28.5	32.73	33.75	33.9
19.16	-50	132.1	22.23	26.72	28.28	32.53	33.61	33.82
19.32	-39	133.2	22.63	26.53	28.08	32.33	33.46	33.73
19.49	-26	134.3	23.06	26.35	27.88	32.13	33.33	33.64
19.7	-13	135.4	23.53	26.19	27.71	31.96	33.19	33.55
19.94	0	136.4	24.02	26.05	27.55	31.77	33.05	33.46
20.22	9	137.5	24.54	25.93	27.4	31.59	32.92	33.37
20.53	19	138.6	25.08	25.82	27.28	31.42	32.79	33.26
20.92	28	139.6	25.66	25.74	27.16	31.25	32.63	33.15
21.38	36	140.7	26.26	25.67	27.06	31.08	32.48	33.02
21.93	43	141.8	26.88	25.63	26.98	30.91	32.33	32.9
22.55	48	142.9	27.53	25.62	26.92	30.75	32.19	32.78
23.2	54	143.9	28.2	25.63	26.88	30.61	32.05	32.66
23.89	59	145	28.89	25.67	26.86	30.47	31.92	32.56
24.61	65	146.1	29.59	25.73	26.86	30.35	31.8	32.47
25.33	70	147.1	30.32	25.82	26.9	30.23	31.68	32.37
26.07	76	148.2	31.07	25.94	26.95	30.12	31.56	32.27
26.83	81	149.3	31.83	26.08	27.01	30.01	31.43	32.16
27.61	86	150.4	32.6	26.25	27.11	29.92	31.31	32.06
28.39	92	151.4	33.39	26.43	27.22	29.84	31.19	31.96
29.2	97	152.5	34.19	26.64	27.35	29.76	31.09	31.87
30.03	102	153.6	35	26.87	27.51	29.7	31	31.79
30.87	107	154.6	35.82	27.12	27.68	29.65	30.91	31.7
31.73	111	155.7	36.64	27.39	27.87	29.61	30.82	31.64
32.6	116	156.8	37.47	27.67	28.06	29.58	30.74	31.57
33.49	120	157.8	38.31	27.97	28.28	29.55	30.67	31.5
34.37	124	158.9	39.15	28.29	28.51	29.55	30.61	31.43
35.27	128	160	39.99	28.62	28.76	29.55	30.55	31.37
36.19	131	161.1	40.83	28.97	29.03	29.56	30.49	31.31
37.1	135	162.1	41.67	29.34	29.3	29.58	30.43	31.23
38	139	163.2	42.51	29.72	29.59	29.61	30.38	31.15
38.9	142	164.3	43.34	30.11	29.9	29.64	30.34	31.07
39.82	145	165.3	44.17	30.51	30.21	29.7	30.3	31
40.73	147	166.4	44.99	30.92	30.54	29.75	30.26	30.94
41.63	150	167.5	45.8	31.35	30.87	29.82	30.23	30.89
42.53	153	168.6	46.6	31.77	31.21	29.9	30.2	30.83
43.41	155	169.6	47.39	32.22	31.56	29.99	30.18	30.8
44.31	157	170.7	48.16	32.66	31.92	30.09	30.2	30.77
45.17	159	171.8	48.92	33.12	32.28	30.2	30.21	30.75
46.03	160	172.8	49.67	33.58	32.65	30.33	30.23	30.74
46.88	161	173.9	50.4	34.05	33.04	30.44	30.24	30.72
47.71	163	175	51.1	34.52	33.42	30.58	30.26	30.7
48.52	164	176.1	51.79	34.99	33.81	30.73	30.29	30.69
49.31	165	177.1	52.46	35.48	34.22	30.86	30.34	30.68
50.11	165	178.2	53.11	35.95	34.61	31.02	30.39	30.68
50.88	165	179.3	53.73	36.43	35	31.17	30.44	30.68
51.63	165	180.3	54.33	36.91	35.4	31.34	30.5	30.68
52.34	165	181.4	54.91	37.39	35.82	31.51	30.57	30.68
53.04	164	182.5	55.46	37.87	36.23	31.68	30.63	30.69
53.72	164	183.6	55.98	38.34	36.64	31.86	30.69	30.69
54.38	163	184.6	56.47	38.81	37.05	32.05	30.75	30.7
54.99	162	185.7	56.93	39.28	37.47	32.24	30.82	30.72
55.57	161	186.8	57.37	39.75	37.86	32.42	30.89	30.73
56.17	158	187.9	57.77	40.2	38.26	32.62	30.97	30.74
56.73	156	188.9	58.14	40.65	38.66	32.82	31.04	30.76
57.16	156	190	58.48	41.11	39.05	33.03	31.14	30.79
57.69	153	191.1	58.78	41.54	39.44	33.25	31.24	30.84
58.16	150	192.1	59.06	41.98	39.81	33.47	31.35	30.9
58.57	147	193.2	59.29	42.4	40.18	33.67	31.47	30.96
58.97	144	194.3	59.5	42.81	40.54	33.88	31.58	31.02
59.32	140	195.4	59.67	43.21	40.9	34.09	31.7	31.08
59.6	138	196.4	59.8	43.6	41.25	34.31	31.82	31.15
59.87	134	197.5	59.9	43.98	41.58	34.54	31.95	31.22
60.11	131	198.6	59.97	44.34	41.92	34.75	32.09	31.3
60.32	127	199.7	60	44.69	42.24	34.98	32.23	31.39
60.49	123	200.7	59.99	45.03	42.56	35.21	32.37	31.48
60.63	118	201.8	59.95	45.35	42.86	35.43	32.52	31.56
60.73	114	202.9	59.87	45.66	43.15	35.65	32.67	31.64
60.78	109	203.9	59.76	45.96	43.44	35.87	32.8	31.74
60.81	105	205	59.61	46.24	43.72	36.1	32.96	31.83
60.79	100	206.1	59.43	46.5	43.98	36.3	33.11	31.93
60.72	95	207.2	59.21	46.74	44.22	36.51	33.25	32.01
60.64	90	208.2	58.96	46.97	44.45	36.72	33.37	32.08
60.5	85	209.3	58.68	47.18	44.67	36.9	33.49	32.15
60.33	80	210.4	58.36	47.37	44.89	37.09	33.6	32.22
60.11	75	211.5	58.01	47.55	45.09	37.27	33.74	32.31
59.9	70	212.5	57.63	47.72	45.25	37.44	33.89	32.4
59.56	66	213.6	57.21	47.85	45.41	37.63	34.03	32.5
59.3	59	214.7	56.77	47.96	45.56	37.81	34.16	32.61
58.99	53	215.7	56.3	48.07	45.69	37.98	34.31	32.71
58.61	47	216.8	55.79	48.14	45.79	38.16	34.46	32.81
58.19	42	217.9	55.26	48.2	45.88	38.32	34.59	32.9
57.71	37	219	54.71	48.24	45.96	38.46	34.73	33
57.25	31	220	54.12	48.26	46.02	38.62	34.86	33.11
56.74	26	221.1	53.51	48.25	46.07	38.76	35.01	33.22
56.2	21	222.2	52.88	48.23	46.1	38.9	35.14	33.32
55.61	16	223.2	52.23	48.19	46.11	39.04	35.28	33.42
55.01	10	224.3	51.55	48.13	46.1	39.17	35.4	33.51
54.39	5	225.4	50.85	48.05	46.09	39.29	35.51	33.61
53.76	-0	226.5	50.14	47.95	46.06	39.4	35.64	33.71
53.08	-8	227.5	49.41	47.83	46.01	39.5	35.76	33.81
52.37	-14	228.6	48.65	47.68	45.95	39.59	35.86	33.91
51.69	-22	229.7	47.89	47.52	45.86	39.65	35.98	34
50.98	-30	230.8	47.11	47.33	45.74	39.72	36.07	34.1
50.28	-39	231.8	46.31	47.13	45.59	39.77	36.16	34.19
49.61	-49	232.9	45.51	46.91	45.44	39.82	36.25	34.28
48.91	-58	234	44.69	46.68	45.26	39.86	36.34	34.37
48.2	-68	235	43.87	46.43	45.08	39.88	36.42	34.46
47.49	-78	236.1	43.04	46.18	44.88	39.9	36.5	34.54
46.77	-88	237.2	42.21	45.91	44.68	39.92	36.57	34.62
46.02	-97	238.3	41.37	45.63	44.46	39.92	36.64	34.7
45.28	-108	239.3	40.53	45.34	44.25	39.92	36.7	34.77
44.52	-117	240.4	39.68	45.03	44.02	39.91	36.77	34.84
43.74	-126	241.5	38.84	44.72	43.78	39.9	36.83	34.92
42.94	-135	242.5	38	44.4	43.53	39.87	36.89	34.98
42.14	-143	243.6	37.17	44.06	43.28	39.85	36.93	35.04
41.33	-151	244.7	36.33	43.71	43.03	39.8	36.96	35.09
40.51	-159	245.8	35.51	43.35	42.74	39.76	36.99	35.14
39.69	-167	246.8	34.69	42.98	42.45	39.69	37.01	35.18
38.86	-173	247.9	33.88	42.6	42.16	39.62	37.01	35.21
38.03	-180	249	33.08	42.21	41.86	39.55	37.01	35.23
37.2	-186	250.1	32.3	41.8	41.55	39.47	37.01	35.24
36.37	-192	251.1	31.53	41.4	41.23	39.37	36.99	35.26
35.53	-197	252.2	30.77	40.98	40.89	39.29	36.97	35.28
34.71	-201	253.3	30.03	40.56	40.55	39.19	36.96	35.31
33.9	-206	254.4	29.31	40.12	40.21	39.08	36.94	35.33
33.09	-210	255.4	28.6	39.68	39.84	38.94	36.92	35.35
32.3	-213	256.5	27.92	39.24	39.47	38.81	36.88	35.36
31.5	-216	257.6	27.26	38.78	39.08	38.67	36.85	35.37
30.71	-218	258.7	26.62	38.33	38.7	38.52	36.79	35.36
29.95	-219	259.7	26	37.86	38.31	38.37	36.74	35.36
29.2	-221	260.8	25.41	37.4	37.92	38.21	36.69	35.37
28.48	-222	261.9	24.85	36.94	37.52	38.05	36.65	35.37
27.75	-221	263	24.31	36.48	37.13	37.88	36.58	35.35
27.06	-221	264	23.8	36.01	36.73	37.69	36.5	35.32
26.39	-221	265.1	23.32	35.55	36.34	37.5	36.4	35.28
25.74	-219	266.2	22.87	35.08	35.95	37.31	36.3	35.23
25.09	-217	267.3	22.45	34.62	35.55	37.12	36.21	35.16
24.48	-215	268.3	22.06	34.16	35.15	36.93	36.09	35.1
23.9	-212	269.4	21.7	33.71	34.75	36.73	35.99	35.04
23.34	-208	270.5	21.38	33.26	34.35	36.53	35.88	35
22.82	-204	271.6	21.09	32.82	33.96	36.34	35.78	34.96
22.32	-200	272.6	20.83	32.38	33.57	36.13	35.68	34.93
21.86	-195	273.7	20.61	31.96	33.19	35.92	35.6	34.91
21.43	-190	274.8	20.42	31.54	32.82	35.71	35.5	34.87
21.02	-184	275.9	20.26	31.13	32.44	35.5	35.39	34.82
20.64	-177	276.9	20.14	30.72	32.06	35.27	35.28	34.76
20.31	-171	278	20.06	30.33	31.71	35.06	35.16	34.69
20.01	-164	279.1	20.01	29.95	31.37	34.84	35.02	34.61
19.73	-156	280.2	20	29.58	31.03	34.62	34.89	34.53
19.5	-148	281.2	20.02	29.22	30.7	34.39	34.74	34.44
19.3	-139	282.3	20.08	28.88	30.38	34.17	34.61	34.36
19.14	-131	283.4	20.18	28.55	30.06	33.95	34.48	34.28
19.01	-121	284.5	20.31	28.24	29.76	33.74	34.35	34.21
18.92	-112	285.5	20.47	27.93	29.47	33.53	34.22	34.13
18.85	-102	286.6	20.67	27.65	29.19	33.31	34.08	34.04
18.82	-91	287.7	20.9	27.38	28.93	33.1	33.93	33.95
18.84	-81	288.8	21.17	27.12	28.68	32.9	33.79	33.86
18.88	-70	289.8	21.47	26.88	28.44	32.69	33.65	33.77
18.97	-58	290.9	21.81	26.66	28.21	32.48	33.5	33.68
19.07	-46	292	22.17	26.46	28	32.29	33.37	33.58
19.23	-35	293.1	22.57	26.27	27.81	32.09	33.23	33.5
19.42	-23	294.1	23	26.1	27.62	31.9	33.1	33.42
19.63	-10	295.2	23.46	25.95	27.45	31.71	32.97	33.34
19.88	2	296.3	23.95	25.81	27.3	31.52	32.84	33.26
20.16	12	297.3	24.46	25.71	27.16	31.34	32.71	33.17
20.48	21	298.4	25	25.61	27.04	31.18	32.58	33.09
20.89	29	299.5	25.57	25.53	26.93	31.01	32.45	32.99
21.37	36	300.6	26.17	25.48	26.84	30.85	32.32	32.91
21.94	43	301.6	26.79	25.44	26.77	30.69	32.19	32.81
22.54	49	302.7	27.43	25.44	26.71	30.55	32.05	32.72
23.19	54	303.8	28.1	25.46	26.69	30.4	31.93	32.63
23.86	60	304.8	28.78	25.5	26.67	30.27	31.79	32.54
24.57	65	305.9	29.49	25.57	26.68	30.14	31.67	32.45
25.29	70	307	30.22	25.67	26.71	30.02	31.55	32.35
26.02	76	308.1	30.96	25.79	26.77	29.91	31.44	32.26
26.78	81	309.1	31.72	25.94	26.84	29.82	31.33	32.16
27.55	87	310.2	32.49	26.11	26.95	29.73	31.22	32.08
28.34	92	311.3	33.28	26.3	27.07	29.65	31.11	31.98
29.14	97	312.3	34.07	26.51	27.2	29.58	30.99	31.86
29.97	102	313.4	34.88	26.74	27.35	29.52	30.88	31.75
30.79	107	314.5	35.7	26.99	27.52	29.47	30.78	31.63
31.67	111	315.6	36.52	27.26	27.71	29.44	30.68	31.53
32.54	116	316.6	37.35	27.55	27.92	29.41	30.59	31.43
33.41	120	317.7	38.19	27.85	28.13	29.4	30.51	31.35
34.3	124	318.8	39.03	28.17	28.36	29.39	30.44	31.27
35.19	128	319.8	39.87	28.51	28.62	29.4	30.38	31.2
36.1	132	320.9	40.71	28.86	28.88	29.41	30.31	31.12
37.02	135	322	41.55	29.22	29.16	29.43	30.25	31.04
37.93	138	323.1	42.39	29.61	29.45	29.48	30.21	30.97
38.82	142	324.1	43.22	30	29.75	29.52	30.17	30.9
39.73	145	325.2	44.05	30.4	30.07	29.57	30.14	30.84
40.63	148	326.3	44.87	30.81	30.39	29.65	30.11	30.79
41.52	151	327.3	45.68	31.24	30.73	29.71	30.1	30.74
42.44	153	328.4	46.48	31.67	31.08	29.78	30.08	30.7
43.35	154	329.5	47.27	32.11	31.44	29.88	30.06	30.67
44.23	157	330.6	48.05	32.56	31.81	29.97	30.07	30.64
45.09	159	331.6	48.81	33.02	32.17	30.09	30.07	30.62
45.95	160	332.7	49.56	33.49	32.55	30.21	30.1	30.61
46.79	162	333.8	50.29	33.94	32.94	30.34	30.13	30.61
47.62	163	334.8	51	34.41	33.32	30.47	30.17	30.61
48.45	164	335.9	51.7	34.89	33.71	30.62	30.21	30.6
49.25	164	337	52.37	35.38	34.1	30.76	30.26	30.58
50.03	165	338.1	53.02	35.85	34.49	30.91	30.29	30.58
50.81	165	339.1	53.65	36.33	34.91	31.07	30.33	30.56
51.54	165	340.2	54.25	36.82	35.31	31.23	30.37	30.56
52.26	165	341.3	54.83	37.29	35.72	31.39	30.44	30.56
52.96	165	342.3	55.38	37.77	36.12	31.57	30.5	30.57
53.63	165	343.4	55.91	38.25	36.53	31.74	30.57	30.58
54.29	163	344.5	56.4	38.72	36.93	31.92	30.63	30.58
54.92	162	345.6	56.87	39.19	37.33	32.11	30.7	30.61
55.5	161	346.6	57.31	39.66	37.73	32.3	30.78	30.63
56.11	159	347.7	57.71	40.12	38.14	32.5	30.87	30.67
56.65	157	348.8	58.09	40.57	38.53	32.7	30.97	30.71
57.17	155	349.8	58.43	41.02	38.91	32.9	31.07	30.74
57.63	153	350.9	58.74	41.45	39.3	33.12	31.18	30.78
58.09	151	352	59.02	41.89	39.69	33.32	31.28	30.83
58.5	148	353.1	59.26	42.31	40.07	33.55	31.4	30.89
58.88	145	354.1	59.47	42.72	40.44	33.77	31.53	30.96
59.26	142	355.2	59.65	43.12	40.8	33.99	31.66	31.04
59.55	139	356.3	59.79	43.52	41.16	34.21	31.79	31.11
59.84	135	357.4	59.89	43.89	41.5	34.44	31.91	31.18
60.11	131	358.4	59.96	44.26	41.83	34.64	32.02	31.24
60.3	128	359.5	60	44.62	42.15	34.87	32.14	31.29
60.47	124	360.6	59.99	44.96	42.47	35.08	32.27	31.36
60.6	120	361.6	59.96	45.28	42.79	35.3	32.4	31.44
60.71	115	362.7	59.89	45.59	43.1	35.51	32.55	31.52
60.78	111	363.8	59.78	45.9	43.38	35.73	32.69	31.63
60.82	106	364.9	59.64	46.18	43.65	35.94	32.84	31.72
60.77	102	365.9	59.46	46.43	43.9	36.15	32.99	31.81
60.74	96	367	59.25	46.68	44.16	36.36	33.13	31.9
60.68	91	368.1	59	46.91	44.39	36.57	33.25	31.99
60.57	85	369.2	58.72	47.13	44.63	36.76	33.38	32.06
60.41	80	370.2	58.41	47.32	44.85	36.95	33.49	32.12
60.18	76	371.3	58.06	47.5	45.05	37.12	33.61	32.18
59.94	71	372.4	57.68	47.67	45.23	37.3	33.72	32.25
59.68	65	373.4	57.28	47.8	45.39	37.49	33.87	32.33
59.37	60	374.5	56.84	47.92	45.55	37.69	34	32.42
59.03	54	375.6	56.37	48.03	45.68	37.87	34.13	32.51
58.66	49	376.7	55.87	48.1	45.78	38.04	34.27	32.6
58.27	43	377.7	55.34	48.16	45.86	38.22	34.41	32.7
57.82	38	378.8	54.79	48.2	45.92	38.39	34.55	32.8
57.33	32	379.9	54.21	48.22	45.95	38.55	34.69	32.9
56.82	27	381	53.6	48.22	45.98	38.7	34.83	33.01
56.29	22	382	52.97	48.21	46	38.84	34.98	33.13
55.71	16	383.1	52.32	48.16	46.02	38.98	35.1	33.22
55.12	11	384.2	51.65	48.1	46	39.09	35.23	33.33
54.52	5	385.2	50.95	48.03	45.99	39.21	35.35	33.43
53.86	0	386.3	50.24	47.94	45.95	39.3	35.46	33.54
53.18	-6	387.4	49.51	47.81	45.91	39.39	35.58	33.64
52.48	-13	388.5	48.76	47.67	45.83	39.49	35.69	33.75
51.78	-21	389.5	48	47.51	45.74	39.57	35.8	33.85
51.07	-29	390.6	47.22	47.33	45.63	39.66	35.91	33.95
50.39	-38	391.7	46.43	47.13	45.51	39.72	36	34.04
49.7	-47	392.7	45.63	46.91	45.39	39.78	36.11	34.14
49.01	-56	393.8	44.81	46.7	45.26	39.85	36.22	34.24
48.29	-66	394.9	43.99	46.45	45.09	39.89	36.32	34.33
47.58	-76	396	43.16	46.21	44.93	39.91	36.41	34.42
46.87	-86	397	42.33	45.94	44.76	39.92	36.49	34.51
46.16	-97	398.1	41.49	45.67	44.57	39.94	36.57	34.59
45.4	-106	399.2	40.65	45.39	44.37	39.94	36.64	34.66
44.64	-116	400.2	39.8	45.09	44.15	39.93	36.7	34.73
43.86	-125	401.3	38.96	44.78	43.91	39.9	36.74	34.77
43.08	-134	402.4	38.12	44.46	43.66	39.87	36.76	34.79
42.27	-142	403.5	37.28	44.12	43.39	39.81	36.77	34.81
41.46	-150	404.5	36.45	43.76	43.11	39.76	36.77	34.83
40.65	-158	405.6	35.63	43.4	42.82	39.69	36.78	34.85
39.83	-166	406.7	34.81	43.04	42.51	39.62	36.79	34.88
38.99	-173	407.8	34	42.66	42.2	39.54	36.79	34.92
38.16	-179	408.8	33.2	42.27	41.89	39.46	36.78	34.95
37.34	-186	409.9	32.41	41.86	41.57	39.38	36.78	34.99
36.51	-191	411	31.64	41.45	41.23	39.29	36.78	35.03
35.68	-197	412.1	30.88	41.04	40.9	39.2	36.78	35.07
34.84	-201	413.1	30.13	40.61	40.55	39.09	36.78	35.1
34.02	-205	414.2	29.41	40.17	40.19	38.99	36.76	35.13
33.22	-209	415.3	28.7	39.73	39.83	38.86	36.75	35.17
32.42	-213	416.4	28.02	39.28	39.46	38.74	36.73	35.2
31.63	-216	417.4	27.35	38.82	39.09	38.62	36.71	35.21
30.84	-218	418.5	26.71	38.37	38.7	38.47	36.66	35.22
30.08	-220	419.6	26.09	37.92	38.31	38.32	36.62	35.2
29.31	-221	420.7	25.5	37.45	37.92	38.16	36.59	35.2
28.58	-222	421.7	24.93	37	37.54	38.01	36.53	35.19
27.86	-222	422.8	24.39	36.53	37.15	37.85	36.48	35.19
27.16	-222	423.9	23.87	36.06	36.76	37.67	36.42	35.19
26.48	-221	425	23.39	35.59	36.35	37.5	36.35	35.17
25.82	-220	426	22.93	35.13	35.96	37.31	36.26	35.14
25.18	-217	427.1	22.51	34.66	35.55	37.11	36.16	35.11
24.56	-215	428.2	22.12	34.2	35.16	36.91	36.07	35.09
23.98	-212	429.3	21.75	33.75	34.76	36.71	35.98	35.06
23.42	-209	430.3	21.42	33.29	34.36	36.52	35.89	35.03
22.89	-205	431.4	21.13	32.85	33.97	36.3	35.81	35
22.39	-200	432.5	20.86	32.42	33.58	36.11	35.7	34.95
21.92	-195	433.6	20.64	31.98	33.2	35.9	35.59	34.88
21.48	-190	434.6	20.44	31.56	32.83	35.69	35.47	34.81
21.09	-185	435.7	20.28	31.15	32.46	35.46	35.34	34.74
20.7	-178	436.8	20.16	30.75	32.1	35.26	35.21	34.68
20.36	-172	437.9	20.07	30.36	31.74	35.03	35.1	34.6
20.06	-165	438.9	20.02	29.97	31.39	34.8	34.98	34.53
19.78	-157	440	20	29.6	31.04	34.59	34.86	34.46
19.53	-149	441.1	20.02	29.25	30.71	34.38	34.72	34.4
19.33	-141	442.2	20.07	28.91	30.39	34.17	34.59	34.33
19.16	-132	443.2	20.16	28.58	30.08	33.96	34.44	34.25
19.02	-123	444.3	20.29	28.25	29.78	33.72	34.31	34.17
18.93	-113	445.4	20.45	27.96	29.5	33.51	34.17	34.09
18.86	-103	446.5	20.64	27.67	29.22	33.31	34.04	34.02
18.83	-93	447.5	20.87	27.4	28.96	33.1	33.91	33.95
18.84	-82	448.6	21.13	27.15	28.7	32.88	33.78	33.88
18.89	-72	449.7	21.43	26.9	28.45	32.68	33.65	33.8
18.96	-60	450.8	21.76	26.68	28.23	32.47	33.52	33.72
19.06	-48	451.8	22.12	26.47	28.01	32.27	33.39	33.64
19.2	-36	452.9	22.51	26.28	27.81	32.08	33.26	33.56
19.39	-24	454	22.94	26.1	27.62	31.9	33.11	33.47
19.6	-12	455	23.39	25.96	27.45	31.7	32.97	33.38
19.84	1	456.1	23.87	25.82	27.29	31.52	32.83	33.28
20.12	10	457.2	24.39	25.71	27.15	31.34	32.69	33.18
20.43	19	458.3	24.93	25.61	27.02	31.16	32.55	33.09
20.82	28	459.3	25.49	25.52	26.91	31	32.41	32.99
21.28	36	460.4	26.08	25.46	26.82	30.84	32.28	32.89
21.82	42	461.5	26.7	25.42	26.75	30.68	32.15	32.8
22.43	48	462.5	27.34	25.42	26.69	30.54	32.02	32.69
23.08	54	463.6	28	25.43	26.65	30.4	31.87	32.57
23.75	59	464.7	28.69	25.47	26.64	30.26	31.73	32.44
24.47	64	465.8	29.39	25.54	26.65	30.13	31.6	32.33
25.18	70	466.8	30.11	25.63	26.68	30.01	31.48	32.22
25.93	75	467.9	30.85	25.75	26.74	29.91	31.36	32.11
26.68	80	469	31.61	25.9	26.82	29.8	31.24	32
27.44	86	470	32.38	26.07	26.91	29.71	31.11	31.88
28.23	91	471.1	33.16	26.26	27.03	29.62	30.98	31.77
29.03	96	472.2	33.96	26.47	27.16	29.55	30.87	31.66
29.85	101	473.3	34.77	26.7	27.31	29.49	30.75	31.57
30.69	106	474.3	35.58	26.94	27.49	29.44	30.66	31.47
31.54	111	475.4	36.41	27.21	27.67	29.41	30.56	31.39
32.41	115	476.5	37.24	27.5	27.88	29.37	30.49	31.32
33.29	119	477.5	38.07	27.81	28.09	29.35	30.43	31.25
34.18	123	478.6	38.91	28.12	28.32	29.34	30.37	31.2
35.08	127	479.7	39.75	28.45	28.57	29.35	30.32	31.14
35.98	131	480.8	40.59	28.81	28.83	29.36	30.28	31.09
36.88	135	481.8	41.43	29.17	29.11	29.39	30.24	31.04
37.79	138	482.9	42.27	29.54	29.39	29.42	30.19	30.98
38.68	142	484	43.11	29.93	29.69	29.46	30.16	30.92
39.6	144	485	43.93	30.33	30.01	29.51	30.13	30.88
40.5	147	486.1	44.75	30.74	30.33	29.57	30.1	30.83
41.42	150	487.2	45.57	31.17	30.66	29.64	30.08	30.77
42.3	153	488.3	46.37	31.59	31	29.72	30.07	30.73
43.21	154	489.3	47.16	32.03	31.36	29.82	30.07	30.69
44.08	157	490.4	47.94	32.48	31.71	29.92	30.06	30.66
44.96	158	491.5	48.71	32.93	32.08	30.03	30.08	30.64
45.82	160	492.5	49.46	33.4	32.45	30.14	30.09	30.6
46.66	162	493.6	50.19	33.85	32.83	30.26	30.12	30.58
47.49	163	494.7	50.9	34.33	33.21	30.4	30.13	30.57
48.31	164	495.8	51.6	34.8	33.6	30.54	30.16	30.55
49.13	164	496.8	52.27	35.28	33.99	30.67	30.2	30.55
49.93	165	497.9	52.93	35.76	34.38	30.83	30.24	30.54
50.7	165	499	53.56	36.24	34.79	30.99	30.29	30.55
51.43	166	500	54.17	36.73	35.19	31.16	30.35	30.56
52.15	166	501.1	54.75	37.2	35.59	31.32	30.4	30.57
52.85	165	502.2	55.3	37.68	36	31.5	30.46	30.58
53.54	165	503.3	55.83	38.16	36.4	31.68	30.54	30.6
54.21	164	504.3	56.33	38.63	36.8	31.86	30.62	30.63
54.84	163	505.4	56.8	39.1	37.2	32.05	30.7	30.66
55.46	161	506.5	57.25	39.57	37.61	32.24	30.8	30.69
56.04	159	507.5	57.66	40.03	38	32.44	30.88	30.73
56.57	158	508.6	58.04	40.49	38.4	32.64	30.98	30.77
57.09	156	509.7	58.38	40.94	38.79	32.85	31.07	30.81
57.58	153	510.8	58.7	41.37	39.18	33.06	31.18	30.85
58.04	151	511.8	58.98	41.8	39.57	33.26	31.29	30.89
58.47	148	512.9	59.23	42.23	39.96	33.48	31.41	30.94
58.85	145	514	59.44	42.65	40.33	33.7	31.52	31
59.2	142	515.1	59.62	43.06	40.69	33.91	31.64	31.07
